1
2
3
8
9
10
13
14
15
18
24
27
28
31
33
34
36
38
39
44
45
46
48
49
51
60
64
65
66
69
76
77
79
83
84
86
90
91
92
96
97
100
101
104
105
106
107
108
111
112
113
117
120
122
127
130
131
132
133
136
139
144
146
148
150
151
158
159
161
162
165
173
175
177
178
181
182
183
184
185
187
193
194
195
197
203
204
206
207
208
209
213
214
215
218
220
222
223
224
225
226
228
233
234
237
238
239
242
245
246
247
249
250
251
253
256
257
259
260
261
262
264
266
267
270
272
273
274
275
276
278
280
287
288
289
290
291
292
293
296
297
299
300
301
302
306
308
309
314
316
317
319
321
323
326
328
329
331
337
338
341
343
345
347
348
352
353
354
358
359
360
361
362
366
367
368
369
371
372
373
374
376
377
378
379
382
385
386
388
389
391
392
393
395
396
397
398
400
402
403
404
408
409
410
412
413
415
416
417
424
428
429
430
433
435
437
442
443
444
447
448
462
464
465
469
470
471
472
474
475
476
478
479
480
482
483
484
485
489
491
494
496
498
500
501
502
503
504
506
508
511
513
520
523
524
525
526
528
531
532
535
536
541
544
546
548
549
554
555
557
558
562
563
565
568
571
572
573
574
575
578
579
582
583
584
590
591
593
594
595
596
597
599
602
604
606
607
608
610
612
613
617
618
619
622
625
627
628
629
630
632
634
636
642
644
648
649
650
652
654
657
658
659
663
664
668
669
677
678
681
682
684
685
691
692
693
696
699
702
703
705
706
708
710
711
712
714
717
718
720
721
722
723
724
726
731
732
733
736
737
738
739
741
750
755
756
757
759
762
765
767
768
769
770
771
772
773
775
778
779
780
781
783
786
787
788
790
791
792
794
795
796
797
799
801
803
804
805
806
809
810
814
815
817
818
822
824
828
830
831
832
835
837
838
839
840
843
846
848
852
853
855
856
858
861
862
865
866
868
870
871
873
874
875
877
878
880
881
882
883
886
889
893
894
896
898
901
903
904
906
907
909
911
912
913
914
917
918
919
921
922
924
927
930
931
933
934
936
937
939
942
943
950
951
954
955
957
959
960
962
965
969
971
974
978
979
981
982
983
987
988
989
990
993
996
997
998
999
1001
1002
1003
1005
1007
1008
1012
1013
1016
1017
1018
1019
1020
1021
1023
1025
1026
1028
1029
1030
1031
1034
1036
1038
1039
1041
1042
1044
1046
1049
1050
1052
1053
1055
1057
1058
1059
1061
1066
1068
1070
1072
1073
1076
1077
1078
1082
1083
1084
1085
1093
1094
1095
1096
1097
1099
1100
1103
1104
1105
1106
1107
1109
1110
1113
1115
1118
1122
1123
1127
1129
1130
1132
1133
1134
1138
1141
1143
1145
1146
1148
1149
1151
1153
1155
1156
1159
1161
1164
1165
1166
1167
1168
1172
1173
1174
1180
1181
1183
1184
1185
1186
1187
1188
1190
1196
1197
1198
1199
1202
1204
1209
1210
1213
1215
1216
1219
1220
1221
1222
1223
1224
1225
1227
1228
1229
1231
1232
1234
1236
1239
1240
1242
1243
1244
1245
1247
1249
1250
1251
1252
1256
1258
1260
1263
1264
1267
1271
1274
1277
1280
1281
1287
1289
1290
1292
1293
1295
1297
1298
1299
1300
1303
1304
1305
1308
1309
1310
1311
1312
1313
1314
1316
1317
1318
1320
1323
1327
1329
1330
1331
1332
1340
1342
1345
1347
1348
1349
1350
1351
1352
1354
1355
1358
1359
1360
1361
1362
1363
1364
1365
1366
1367
1370
1372
1373
1374
1376
1379
1381
1385
1386
1387
1388
1389
1390
1391
1393
1394
1395
1397
1398
1404
1405
1406
1408
1415
1416
1417
1418
1420
1421
1422
1426
1428
1431
1432
1433
1437
1438
1439
1442
1443
1444
1448
1450
1451
1453
1455
1459
1460
1462
1464
1465
1466
1467
1468
1470
1472
1473
1474
1475
1476
1478
1479
1480
1481
1483
1484
1485
1489
1492
1495
1497
1508
1509
1511
1512
1516
1517
1519
1520
1521
1525
1527
1528
1531
1533
1534
1536
1541
1547
1551
1552
1556
1557
1558
1562
1563
1564
1566
1568
1575
1576
1577
1578
1579
1580
1581
1582
1584
1585
1590
1593
1598
1607
1608
1610
1611
1612
1613
1614
1615
1617
1619
1620
1621
1624
1626
1627
1629
1633
1636
1637
1639
1646
1648
1651
1653
1656
1658
1659
1660
1662
1665
1670
1674
1675
1677
1678
1679
1681
1684
1685
1686
1692
1694
1698
1701
1702
1707
1713
1720
1722
1723
1724
1729
1731
1732
1733
1738
1739
1742
1744
1746
1747
1750
1751
1755
1764
1771
1772
1774
1776
1777
1778
1780
1782
1783
1785
1786
1787
1790
1793
1795
1796
1798
1799
1800
1801
1802
1803
1807
1810
1812
1813
1816
1817
1818
1819
1823
1824
1825
1828
1829
1830
1831
1834
1835
1838
1839
1842
1844
1845
1847
1848
1850
1852
1853
1854
1858
1860
1863
1865
1868
1870
1871
1873
1875
1877
1878
1881
1883
1886
1888
1889
1891
1892
1893
1899
1900
1901
1903
1906
1907
1908
1909
1910
1911
1912
1913
1914
1916
1917
1919
1925
1926
1928
1929
1930
1931
1935
1937
1938
1948
1951
1953
1957
1959
1962
1963
1964
1965
1967
1969
1974
1975
1977
1980
1981
1982
1985
1986
1988
1992
1997
2000
2002
2005
2006
2007
2009
2010
2015
2017
2018
2021
2022
2023
2024
2032
2033
2035
2036
2037
2038
2041
2045
2046
2047
2048
2050
2051
2055
2056
2059
2060
2063
2067
2069
2072
2074
2075
2077
2079
2080
2081
2085
2086
2087
2088
2091
2092
2093
2095
2097
2099
2101
2102
2107
2110
2113
2114
2116
2118
2121
2125
2128
2129
2130
2131
2132
2133
2134
2136
2137
2142
2143
2145
2149
2150
2152
2154
2158
2160
2161
2164
2167
2168
2169
2170
2173
2176
2179
2181
2182
2183
2184
2185
2187
2192
2193
2197
2198
2199
2201
2202
2207
2208
2209
2210
2212
2213
2214
2219
2220
2226
2227
2229
2230
2231
2232
2233
2238
2239
2240
2241
2246
2250
2252
2255
2256
2258
2263
2267
2268
2271
2274
2277
2282
2283
2284
2289
2291
2293
2295
2296
2297
2299
2301
2303
2305
2307
2309
2310
2316
2318
2320
2324
2326
2327
2330
2333
2337
2338
2341
2343
2347
2348
2351
2353
2354
2355
2362
2363
2369
2370
2371
2372
2373
2374
2378
2380
2387
2389
2391
2392
2394
2395
2396
2398
2400
2401
2402
2403
2404
2405
2406
2407
2409
2411
2412
2415
2417
2418
2420
2423
2425
2426
2430
2431
2432
2433
2435
2437
2440
2442
2443
2445
2446
2448
2450
2451
2452
2454
2457
2458
2462
2466
2467
2468
2470
2471
2473
2474
2475
2476
2477
2483
2484
2487
2488
2489
2494
2495
2496
2500
2501
2504
2505
2508
2513
2514
2515
2516
2517
2518
2519
2524
2526
2527
2528
2530
2536
2538
2539
2541
2545
2546
2548
2549
2550
2552
2553
2556
2557
2558
2562
2563
2564
2566
2567
2569
2570
2571
2579
2580
2581
2582
2583
2585
2586
2587
2590
2592
2593
2596
2598
2599
2600
2601
2603
2605
2607
2608
2610
2611
2612
2618
2620
2621
2622
2623
2624
2627
2628
2629
2630
2631
2632
2633
2634
2636
2638
2639
2642
2643
2644
2645
2650
2651
2656
2657
2660
2661
2663
2664
2665
2667
2668
2669
2671
2672
2673
2675
2677
2679
2682
2686
2687
2690
2691
2692
2693
2698
2700
2702
2703
2705
2706
2709
2710
2718
2719
2721
2722
2723
2728
2731
2732
2733
2735
2736
2739
2741
2746
2750
2751
2752
2754
2758
2760
2761
2763
2764
2767
2769
2773
2774
2776
2777
2778
2781
2784
2785
2786
2787
2788
2789
2791
2795
2797
2798
2799
2806
2807
2808
2810
2813
2814
2815
2816
2817
2819
2820
2821
2826
2827
2830
2831
2837
2839
2840
2841
2843
2844
2847
2849
2852
2854
2856
2857
2858
2860
2861
2862
2863
2864
2869
2870
2872
2874
2875
2878
2879
2880
2882
2883
2884
2886
2887
2888
2889
2890
2892
2893
2896
2898
2901
2902
2903
2904
2905
2906
2909
2910
2911
2914
2916
2918
2919
2921
2922
2924
2926
2928
2930
2931
2932
2933
2936
2938
2940
2942
2945
2946
2949
2951
2953
2954
2956
2959
2962
2963
2964
2967
2969
2970
2971
2973
2976
2977
2978
2979
2980
2981
2984
2985
2986
2987
2989
2991
2992
2995
2996
2997
2999
3001
3002
3004
3005
3006
3008
3013
3017
3018
3020
3021
3023
3024
3025
3028
3029
3033
3034
3035
3036
3037
3038
3040
3041
3042
3043
3049
3050
3051
3053
3054
3055
3056
3058
3059
3063
3068
3069
3070
3074
3077
3079
3081
3082
3083
3084
3087
3092
3095
3098
3099
3100
3101
3105
3106
3109
3111
3112
3113
3114
3115
3117
3118
3122
3123
3125
3127
3128
3129
3130
3133
3134
3135
3136
3137
3139
3141
3145
3146
3147
3150
3154
3157
3158
3159
3160
3163
3164
3165
3166
3167
3169
3173
3174
3175
3177
3179
3181
3182
3183
3184
3185
3186
3187
3189
3190
3191
3192
3195
3197
3198
3200
3201
3203
3205
3206
3208
3209
3212
3214
3216
3217
3219
3220
3221
3224
3226
3229
3231
3233
3238
3243
3244
3247
3251
3252
3253
3254
3256
3260
3261
3262
3265
3267
3268
3269
3270
3272
3273
3274
3275
3278
3279
3280
3281
3282
3283
3287
3289
3292
3295
3296
3298
3300
3301
3302
3303
3304
3309
3310
3313
3315
3317
3318
3319
3326
3327
3328
3332
3333
3335
3337
3338
3341
3346
3347
3349
3350
3351
3352
3353
3354
3355
3357
3358
3359
3360
3361
3363
3366
3371
3372
3375
3376
3377
3378
3381
3382
3385
3386
3391
3392
3394
3395
3397
3398
3401
3404
3405
3406
3408
3409
3410
3411
3412
3414
3415
3416
3418
3419
3420
3421
3423
3424
3427
3429
3430
3431
3432
3437
3439
3440
3441
3444
3445
3446
3451
3452
3455
3460
3461
3462
3463
3465
3466
3468
3469
3470
3474
3475
3481
3486
3488
3489
3490
3491
3492
3494
3495
3496
3498
3501
3502
3503
3505
3506
3507
3508
3509
3511
3512
3514
3517
3519
3520
3531
3534
3538
3539
3542
3543
3549
3551
3552
3553
3560
3563
3567
3572
3573
3574
3577
3580
3585
3586
3588
3590
3591
3592
3594
3595
3597
3598
3599
3601
3602
3603
3604
3606
3607
3611
3612
3617
3622
3623
3625
3627
3628
3632
3633
3634
3638
3642
3643
3645
3646
3647
3650
3651
3652
3653
3659
3660
3661
3662
3664
3665
3666
3667
3668
3670
3671
3673
3675
3677
3678
3679
3680
3681
3684
3685
3686
3687
3689
3691
3692
3695
3698
3699
3700
3702
3703
3704
3705
3706
3709
3710
3711
3714
3715
3716
3722
3724
3725
3726
3727
3729
3731
3734
3736
3738
3739
3741
3747
3750
3752
3754
3755
3756
3758
3761
3762
3763
3764
3765
3770
3771
3772
3774
3776
3777
3779
3780
3783
3786
3787
3790
3795
3797
3801
3804
3805
3808
3810
3811
3812
3813
3814
3815
3816
3819
3820
3821
3823
3825
3827
3829
3831
3832
3834
3836
3837
3839
3840
3841
3843
3845
3848
3852
3858
3863
3865
3866
3868
3869
3871
3873
3876
3877
3878
3879
3880
3883
3886
3887
3888
3889
3890
3891
3895
3896
3897
3899
3901
3903
3905
3907
3908
3911
3913
3920
3921
3923
3924
3929
3930
3931
3933
3934
3935
3938
3939
3941
3942
3946
3947
3948
3951
3953
3954
3955
3956
3957
3959
3960
3962
3964
3966
3967
3968
3969
3971
3973
3974
3975
3976
3979
3980
3981
3984
3985
3986
3987
3989
3990
3991
3993
3994
3995
3996
4000
4001
4004
4006
4007
4008
4010
4012
4013
4015
4019
4023
4025
4026
4027
4028
4029
4030
4031
4033
4036
4039
4040
4044
4045
4046
4053
4055
4056
4058
4059
4060
4063
4065
4067
4068
4069
4072
4074
4075
4076
4078
4080
4082
4086
4087
4088
4089
4090
4092
4095
4098
4100
4101
4103
4110
4111
4119
4121
4123
4124
4125
4128
4131
4136
4138
4139
4140
4141
4142
4143
4144
4145
4147
4148
4149
4151
4152
4154
4155
4156
4158
4160
4161
4164
4165
4168
4172
4173
4177
4178
4181
4182
4184
4187
4189
4190
4192
4193
4196
4197
4198
4199
4202
4203
4204
4205
4208
4209
4210
4214
4216
4219
4220
4222
4223
4224
4226
4231
4233
4234
4236
4237
4238
4242
4247
4249
4250
4251
4252
4254
4256
4257
4258
4260
4263
4264
4265
4267
4269
4270
4271
4272
4273
4274
4277
4278
4279
4280
4282
4283
4284
4285
4289
4290
4292
4295
4298
4300
4301
4302
4304
4305
4306
4308
4311
4312
4317
4321
4323
4331
4333
4336
4337
4338
4340
4342
4344
4347
4348
4350
4355
4357
4358
4361
4362
4363
4365
4367
4370
4371
4372
4373
4374
4375
4377
4378
4379
4385
4386
4387
4388
4392
4393
4395
4398
4399
4400
4403
4406
4407
4410
4411
4412
4413
4419
4420
4423
4425
4430
4433
4435
4436
4437
4438
4439
4442
4444
4446
4450
4452
4456
4457
4459
4460
4461
4462
4463
4467
4469
4473
4479
4481
4482
4483
4489
4490
4494
4495
4496
4497
4498
4501
4502
4504
4506
4507
4510
4514
4515
4517
4518
4519
4520
4523
4527
4528
4529
4531
4532
4535
4536
4540
4541
4544
4545
4551
4552
4554
4555
4556
4559
4560
4562
4563
4565
4566
4569
4572
4575
4576
4579
4581
4584
4585
4587
4588
4590
4592
4594
4595
4596
4597
4598
4599
4601
4603
4607
4608
4610
4611
4616
4617
4619
4621
4627
4628
4629
4631
4635
4636
4637
4642
4643
4646
4650
4652
4653
4655
4657
4658
4659
4660
4666
4667
4668
4669
4670
4673
4674
4675
4681
4682
4683
4684
4686
4687
4688
4689
4693
4694
4695
4696
4697
4699
4700
4702
4703
4705
4706
4708
4710
4711
4714
4717
4719
4720
4721
4723
4724
4726
4730
4732
4733
4738
4739
4740
4741
4742
4744
4747
4748
4752
4753
4755
4756
4758
4760
4762
4764
4765
4767
4768
4772
4773
4775
4777
4778
4780
4781
4782
4784
4786
4788
4789
4790
4791
4792
4793
4794
4796
4797
4801
4803
4804
4805
4808
4809
4811
4815
4816
4817
4820
4821
4822
4823
4824
4826
4827
4830
4832
4835
4837
4843
4846
4847
4848
4849
4853
4854
4856
4860
4861
4865
4866
4867
4870
4875
4877
4878
4882
4885
4886
4890
4891
4896
4901
4903
4906
4915
4916
4919
4922
4925
4926
4928
4929
4930
4932
4934
4938
4939
4943
4944
4945
4946
4949
4950
4956
4957
4958
4961
4962
4963
4964
4965
4967
4968
4969
4970
4971
4972
4973
4974
4976
4977
4978
4979
4981
4982
4983
4984
4985
4987
4989
4990
4992
4993
4995
4998
4999
5000
5002
5004
5005
5007
5009
5010
5015
5017
5018
5019
5020
5022
5024
5025
5028
5032
5033
5034
5038
5040
5041
5042
5051
5052
5054
5056
5058
5059
5062
5064
5069
5070
5072
5075
5076
5079
5080
5082
5084
5086
5089
5090
5092
5094
5098
5100
5101
5103
5105
5106
5108
5110
5111
5113
5114
5116
5118
5125
5126
5127
5129
5131
5132
5135
5136
5142
5146
5147
5149
5150
5153
5161
5164
5168
5169
5170
5172
5174
5175
5176
5177
5178
5183
5184
5185
5187
5189
5195
5196
5198
5199
5200
5201
5205
5206
5207
5209
5210
5217
5221
5222
5226
5227
5229
5231
5233
5235
5237
5238
5241
5242
5243
5245
5247
5248
5250
5251
5252
5253
5256
5257
5258
5259
5261
5262
5263
5265
5266
5268
5270
5273
5280
5283
5288
5289
5291
5292
5295
5298
5304
5305
5306
5307
5308
5311
5312
5313
5315
5316
5319
5321
5322
5323
5324
5325
5329
5330
5331
5332
5333
5334
5335
5336
5338
5339
5340
5342
5343
5346
5347
5348
5350
5358
5360
5361
5362
5363
5364
5366
5367
5370
5371
5372
5373
5375
5377
5379
5380
5382
5383
5384
5385
5386
5387
5390
5393
5394
5396
5398
5399
5401
5402
5404
5405
5407
5411
5413
5414
5416
5418
5420
5421
5425
5427
5428
5429
5432
5433
5434
5435
5436
5440
5442
5444
5446
5448
5449
5452
5453
5456
5457
5460
5461
5462
5464
5466
5467
5468
5469
5472
5475
5482
5487
5488
5490
5494
5501
5503
5504
5505
5506
5507
5508
5510
5512
5516
5520
5521
5522
5523
5526
5527
5528
5529
5530
5533
5534
5543
5544
5546
5547
5548
5549
5552
5554
5558
5561
5563
5565
5566
5574
5577
5579
5580
5583
5585
5588
5589
5590
5591
5593
5594
5595
5599
5600
5603
5605
5607
5608
5610
5611
5618
5619
5621
5623
5625
5626
5628
5630
5631
5634
5636
5637
5638
5641
5642
5644
5645
5646
5647
5648
5653
5654
5655
5656
5661
5663
5664
5665
5666
5667
5669
5673
5675
5677
5680
5682
5684
5685
5689
5691
5693
5694
5695
5697
5698
5699
5702
5703
5705
5706
5708
5709
5712
5718
5719
5720
5722
5723
5724
5725
5731
5733
5736
5737
5738
5741
5743
5744
5746
5747
5748
5751
5752
5753
5758
5762
5767
5768
5770
5771
5773
5775
5781
5785
5787
5793
5794
5796
5799
5801
5803
5805
5806
5807
5811
5812
5813
5814
5816
5820
5822
5824
5825
5826
5828
5831
5832
5833
5834
5836
5837
5838
5843
5850
5853
5854
5855
5859
5860
5863
5864
5865
5866
5869
5878
5880
5883
5885
5886
5887
5888
5890
5893
5894
5896
5900
5901
5902
5904
5906
5909
5910
5912
5913
5914
5916
5917
5918
5919
5927
5928
5929
5934
5935
5938
5939
5940
5942
5944
5945
5946
5947
5950
5952
5955
5961
5962
5963
5965
5966
5968
5970
5971
5973
5975
5978
5980
5981
5985
5986
5993
5996
5998
6000
6001
6003
6005
6006
6010
6011
6012
6013
6014
6018
6019
6023
6024
6026
6027
6030
6032
6034
6036
6039
6041
6042
6043
6046
6049
6050
6052
6053
6055
6056
6058
6059
6061
6062
6063
6068
6072
6074
6078
6079
6080
6083
6085
6089
6091
6092
6093
6098
6099
6102
6103
6108
6109
6112
6113
6114
6115
6116
6117
6119
6120
6122
6124
6126
6128
6129
6130
6137
6138
6139
6140
6143
6144
6147
6148
6149
6152
6156
6160
6161
6162
6163
6164
6169
6170
6171
6172
6173
6177
6179
6180
6182
6184
6185
6186
6187
6188
6190
6196
6200
6202
6205
6206
6207
6211
6212
6213
6214
6215
6220
6222
6223
6224
6227
6228
6229
6231
6235
6236
6239
6243
6244
6246
6249
6256
6257
6258
6259
6260
6261
6265
6266
6269
6270
6271
6273
6276
6277
6278
6279
6280
6281
6282
6287
6290
6291
6293
6297
6298
6299
6301
6305
6306
6307
6308
6313
6314
6315
6316
6318
6319
6321
6322
6323
6324
6325
6327
6328
6330
6335
6337
6338
6341
6342
6344
6347
6348
6352
6353
6356
6357
6360
6362
6363
6364
6366
6368
6369
6370
6371
6372
6373
6374
6375
6376
6377
6380
6384
6386
6389
6390
6391
6393
6394
6397
6401
6402
6404
6406
6407
6408
6410
6411
6412
6415
6419
6421
6422
6424
6428
6429
6430
6431
6432
6433
6434
6436
6438
6439
6441
6442
6449
6450
6453
6454
6457
6458
6460
6461
6464
6466
6471
6474
6476
6480
6482
6483
6485
6486
6488
6489
6491
6492
6493
6494
6499
6503
6505
6506
6508
6509
6510
6515
6518
6520
6522
6524
6525
6526
6529
6531
6532
6534
6536
6540
6542
6543
6545
6547
6552
6553
6554
6556
6558
6560
6562
6564
6565
6568
6569
6575
6578
6579
6580
6583
6586
6587
6588
6589
6590
6591
6592
6596
6599
6600
6601
6602
6604
6606
6607
6608
6612
6613
6617
6620
6622
6624
6626
6627
6634
6635
6638
6640
6645
6646
6647
6650
6654
6656
6660
6661
6663
6664
6667
6669
6671
6673
6680
6684
6685
6689
6690
6692
6694
6698
6700
6701
6703
6705
6706
6707
6710
6715
6716
6721
6723
6725
6726
6729
6730
6732
6733
6734
6736
6737
6738
6739
6740
6741
6743
6748
6749
6750
6751
6753
6755
6757
6766
6768
6769
6770
6775
6777
6778
6781
6782
6786
6787
6790
6792
6793
6794
6796
6797
6798
6803
6806
6809
6810
6814
6819
6820
6822
6824
6825
6826
6828
6830
6832
6834
6835
6837
6841
6845
6847
6848
6851
6856
6857
6858
6862
6867
6871
6873
6874
6875
6876
6880
6886
6887
6888
6890
6891
6893
6895
6896
6901
6902
6907
6908
6909
6911
6914
6915
6916
6917
6920
6922
6923
6924
6925
6931
6934
6936
6945
6946
6949
6950
6951
6952
6953
6954
6955
6956
6961
6968
6971
6976
6977
6979
6981
6983
6984
6993
6994
6995
6997
7001
7006
7007
7008
7011
7012
7013
7014
7016
7020
7026
7028
7031
7033
7034
7037
7038
7039
7041
7042
7044
7046
7047
7048
7049
7051
7053
7054
7061
7065
7067
7068
7070
7071
7073
7074
7075
7076
7079
7080
7084
7086
7087
7088
7089
7091
7092
7093
7098
7102
7106
7107
7109
7112
7113
7114
7117
7119
7120
7121
7122
7126
7127
7130
7131
7136
7138
7143
7147
7148
7149
7152
7156
7158
7159
7160
7161
7163
7164
7166
7168
7170
7172
7174
7175
7176
7178
7179
7184
7188
7189
7191
7194
7196
7197
7199
7203
7205
7206
7207
7208
7209
7210
7215
7216
7218
7219
7220
7222
7223
7227
7228
7230
7231
7232
7233
7236
7237
7239
7241
7242
7244
7246
7247
7252
7253
7255
7256
7257
7258
7260
7261
7263
7264
7265
7266
7267
7268
7270
7274
7275
7278
7279
7280
7281
7286
7288
7289
7290
7291
7296
7298
7302
7304
7305
7308
7309
7312
7317
7318
7319
7321
7323
7327
7329
7331
7332
7333
7334
7336
7337
7339
7340
7342
7344
7345
7346
7348
7349
7350
7351
7352
7354
7356
7358
7360
7361
7363
7364
7365
7366
7368
7369
7372
7373
7374
7378
7379
7382
7383
7384
7387
7388
7390
7392
7395
7396
7397
7401
7402
7404
7406
7407
7408
7410
7411
7412
7414
7418
7421
7423
7424
7425
7426
7428
7429
7431
7432
7433
7435
7436
7440
7444
7445
7446
7448
7451
7452
7454
7455
7457
7458
7460
7467
7469
7470
7473
7475
7478
7481
7482
7483
7484
7486
7487
7490
7493
7496
7498
7499
7502
7503
7504
7507
7508
7510
7511
7512
7513
7514
7518
7520
7521
7523
7527
7528
7529
7530
7533
7535
7536
7537
7538
7539
7540
7541
7543
7544
7552
7553
7556
7560
7563
7566
7567
7569
7571
7576
7577
7580
7583
7584
7588
7589
7591
7593
7594
7595
7599
7600
7604
7608
7613
7614
7615
7617
7618
7621
7623
7624
7626
7627
7629
7631
7632
7633
7639
7641
7642
7643
7645
7647
7649
7650
7657
7658
7660
7662
7663
7665
7667
7669
7670
7671
7674
7675
7677
7680
7681
7686
7690
7691
7693
7694
7696
7698
7700
7701
7704
7708
7710
7711
7712
7716
7717
7718
7720
7722
7724
7726
7727
7728
7729
7732
7733
7734
7736
7738
7743
7745
7746
7747
7748
7749
7751
7753
7754
7755
7756
7757
7760
7761
7762
7763
7764
7765
7766
7769
7770
7772
7775
7778
7779
7780
7781
7782
7783
7785
7789
7790
7798
7801
7802
7803
7804
7805
7807
7808
7809
7813
7819
7822
7823
7826
7829
7831
7833
7837
7840
7843
7844
7845
7849
7851
7852
7855
7856
7858
7860
7861
7862
7866
7867
7870
7871
7873
7877
7878
7880
7881
7882
7884
7888
7894
7896
7897
7898
7899
7901
7902
7905
7906
7908
7909
7911
7913
7916
7918
7919
7922
7924
7925
7926
7927
7929
7930
7931
7936
7937
7938
7939
7941
7942
7943
7944
7946
7948
7951
7952
7953
7955
7956
7958
7959
7960
7962
7964
7965
7966
7969
7972
7973
7974
7976
7979
7981
7982
7983
7984
7985
7987
7993
7994
7995
7997
7999
8001
8002
8007
8009
8010
8012
8013
8018
8019
8020
8023
8025
8026
8027
8028
8029
8030
8032
8035
8037
8040
8041
8045
8046
8048
8049
8051
8053
8054
8055
8056
8057
8060
8061
8064
8066
8067
8072
8073
8077
8080
8081
8084
8085
8087
8090
8092
8093
8094
8100
8102
8105
8106
8114
8117
8119
8121
8123
8126
8127
8130
8132
8134
8135
8138
8140
8141
8143
8144
8146
8148
8149
8150
8153
8156
8158
8159
8161
8162
8163
8165
8167
8168
8173
8175
8176
8177
8181
8182
8183
8186
8187
8189
8190
8191
8192
8196
8201
8203
8204
8205
8206
8217
8218
8219
8220
8221
8222
8225
8227
8229
8232
8235
8236
8238
8239
8240
8242
8248
8252
8254
8257
8259
8260
8273
8274
8275
8279
8286
8287
8289
8292
8293
8295
8302
8303
8306
8307
8309
8312
8313
8315
8318
8320
8323
8328
8329
8330
8331
8332
8334
8336
8337
8343
8346
8348
8349
8351
8352
8353
8354
8355
8356
8357
8358
8363
8365
8367
8369
8370
8371
8373
8374
8375
8376
8379
8380
8382
8383
8384
8385
8386
8388
8390
8391
8392
8393
8395
8396
8397
8398
8400
8403
8404
8405
8406
8408
8409
8411
8412
8413
8417
8418
8419
8421
8425
8428
8430
8434
8435
8440
8442
8444
8447
8448
8449
8450
8451
8453
8454
8455
8457
8458
8459
8461
8463
8473
8476
8479
8480
8481
8484
8489
8490
8491
8493
8494
8496
8499
8503
8504
8505
8508
8510
8513
8514
8515
8516
8518
8519
8523
8526
8528
8529
8530
8531
8532
8534
8537
8538
8539
8541
8544
8545
8548
8549
8550
8551
8553
8554
8556
8557
8558
8562
8564
8565
8567
8568
8574
8578
8580
8581
8586
8595
8596
8598
8599
8600
8602
8605
8606
8607
8609
8610
8612
8613
8619
8620
8623
8625
8626
8628
8630
8633
8634
8635
8636
8637
8638
8639
8640
8642
8643
8645
8651
8653
8655
8657
8658
8661
8662
8663
8665
8666
8667
8669
8670
8671
8674
8675
8680
8682
8685
8687
8690
8692
8693
8694
8695
8696
8697
8698
8701
8705
8713
8715
8718
8719
8720
8723
8726
8727
8731
8736
8737
8738
8739
8741
8742
8745
8746
8747
8750
8751
8752
8755
8757
8758
8766
8769
8771
8772
8773
8775
8776
8782
8784
8785
8789
8792
8793
8794
8797
8801
8803
8805
8806
8807
8808
8810
8811
8812
8813
8815
8817
8822
8827
8828
8832
8835
8836
8838
8840
8842
8844
8845
8849
8852
8853
8855
8856
8858
8859
8861
8864
8866
8867
8871
8872
8875
8878
8880
8881
8882
8883
8884
8886
8889
8892
8895
8898
8901
8905
8907
8909
8910
8913
8914
8919
8921
8922
8923
8924
8927
8931
8933
8934
8936
8938
8939
8943
8947
8948
8950
8952
8956
8959
8960
8961
8962
8963
8965
8966
8969
8970
8972
8974
8975
8976
8977
8979
8982
8986
8987
8989
8990
8991
8992
8994
8996
8999
9000
9003
9004
9006
9008
9009
9016
9017
9022
9025
9027
9028
9031
9032
9037
9038
9039
9040
9043
9044
9045
9048
9050
9053
9054
9056
9060
9061
9064
9066
9067
9069
9070
9074
9076
9077
9079
9080
9081
9082
9088
9090
9091
9092
9097
9098
9100
9102
9105
9106
9107
9109
9110
9112
9113
9115
9117
9118
9120
9121
9123
9128
9129
9132
9134
9135
9139
9141
9142
9143
9144
9145
9146
9147
9148
9150
9154
9157
9161
9162
9164
9165
9166
9169
9172
9173
9179
9182
9183
9184
9186
9188
9190
9192
9194
9195
9196
9197
9201
9204
9205
9210
9214
9222
9223
9224
9227
9228
9229
9230
9231
9232
9233
9235
9236
9237
9238
9240
9241
9243
9244
9245
9246
9247
9248
9250
9251
9252
9253
9255
9259
9260
9262
9264
9265
9266
9267
9271
9272
9273
9274
9275
9276
9277
9279
9281
9284
9285
9286
9288
9289
9290
9293
9294
9295
9297
9298
9299
9302
9303
9309
9310
9313
9314
9315
9318
9319
9320
9324
9325
9328
9330
9331
9332
9333
9337
9338
9342
9344
9345
9352
9354
9355
9356
9357
9359
9360
9361
9363
9366
9369
9370
9372
9376
9377
9379
9381
9383
9384
9385
9390
9392
9393
9395
9397
9398
9399
9400
9405
9406
9407
9408
9411
9412
9414
9416
9417
9418
9420
9421
9423
9425
9426
9427
9428
9429
9430
9433
9434
9435
9437
9439
9441
9445
9447
9448
9449
9451
9452
9456
9457
9459
9460
9461
9463
9464
9466
9467
9469
9470
9471
9473
9474
9476
9480
9481
9482
9488
9489
9492
9493
9497
9500
9505
9507
9509
9510
9511
9512
9514
9518
9521
9524
9527
9528
9529
9531
9533
9535
9536
9538
9539
9544
9546
9550
9556
9558
9559
9562
9563
9564
9565
9566
9567
9568
9569
9571
9572
9573
9574
9576
9580
9583
9586
9587
9588
9590
9591
9592
9594
9596
9597
9599
9603
9604
9605
9608
9609
9610
9611
9612
9615
9616
9620
9621
9622
9623
9624
9626
9628
9631
9632
9633
9634
9637
9640
9641
9645
9647
9648
9649
9651
9652
9653
9655
9656
9658
9659
9660
9661
9662
9663
9664
9665
9667
9668
9669
9670
9673
9680
9681
9685
9688
9689
9691
9695
9696
9697
9699
9704
9709
9711
9712
9717
9718
9721
9723
9724
9725
9726
9728
9729
9731
9732
9733
9734
9736
9737
9738
9739
9742
9747
9751
9752
9753
9758
9759
9760
9763
9765
9766
9769
9772
9773
9776
9779
9780
9781
9782
9783
9785
9793
9796
9799
9802
9804
9805
9806
9807
9808
9810
9811
9812
9817
9818
9819
9821
9823
9824
9825
9826
9828
9832
9833
9836
9837
9839
9840
9841
9842
9843
9846
9847
9848
9850
9852
9856
9858
9861
9862
9864
9865
9868
9870
9872
9874
9876
9878
9881
9882
9884
9887
9888
9893
9894
9896
9900
9903
9904
9906
9907
9908
9910
9912
9915
9917
9919
9921
9922
9924
9932
9934
9935
9937
9942
9944
9945
9946
9949
9950
9951
9953
9954
9955
9956
9958
9960
9962
9963
9964
9967
9969
9971
9974
9975
9980
9982
9983
9987
9993
9994
9998
9999
10000
10001
10002
10007
10008
10009
10010
10011
10013
10014
10019
10021
10023
10026
10032
10040
10041
10044
10048
10049
10050
10052
10053
10057
10063
10064
10065
10066
10069
10070
10071
10072
10073
10076
10077
10080
10081
10082
10084
10086
10087
10088
10090
10092
10094
10095
10098
10100
10101
10102
10103
10104
10110
10111
10112
10113
10114
10115
10117
10119
10121
10122
10124
10126
10128
10130
10131
10132
10133
10135
10136
10137
10138
10141
10143
10144
10149
10152
10153
10155
10157
10163
10164
10165
10168
10169
10171
10172
10173
10175
10177
10181
10183
10190
10192
10195
10200
10201
10202
10203
10207
10208
10212
10213
10214
10215
10216
10222
10224
10225
10227
10232
10238
10239
10240
10241
10242
10243
10244
10245
10247
10250
10251
10252
10253
10254
10256
10258
10259
10260
10261
10262
10263
10267
10270
10274
10278
10279
10281
10283
10285
10286
10289
10291
10295
10296
10298
10300
10301
10302
10304
10306
10309
10313
10314
10317
10318
10322
10323
10326
10327
10330
10333
10334
10337
10338
10339
10340
10341
10347
10348
10349
10351
10354
10355
10360
10363
10364
10367
10372
10374
10375
10377
10380
10382
10383
10384
10388
10390
10391
10392
10393
10397
10400
10401
10402
10404
10405
10407
10409
10410
10413
10417
10420
10424
10426
10431
10433
10434
10438
10440
10441
10442
10443
10444
10445
10447
10452
10455
10456
10459
10462
10464
10465
10466
10471
10472
10473
10474
10475
10476
10477
10478
10479
10481
10482
10484
10487
10488
10489
10490
10491
10493
10495
10496
10499
10500
10502
10503
10505
10506
10507
10509
10512
10513
10515
10518
10519
10521
10524
10527
10529
10530
10533
10534
10535
10536
10537
10540
10542
10550
10552
10553
10554
10555
10557
10558
10559
10561
10562
10563
10564
10565
10567
10569
10570
10571
10576
10577
10580
10581
10582
10583
10586
10587
10589
10590
10591
10593
10595
10597
10599
10600
10602
10605
10608
10610
10611
10612
10613
10614
10616
10620
10622
10629
10630
10634
10635
10637
10639
10640
10641
10642
10643
10646
10648
10649
10650
10651
10652
10653
10657
10659
10661
10662
10663
10664
10666
10667
10668
10669
10670
10674
10675
10676
10677
10678
10681
10682
10684
10685
10689
10690
10691
10693
10695
10696
10700
10701
10703
10704
10705
10708
10709
10711
10715
10716
10719
10720
10721
10723
10724
10727
10731
10732
10733
10734
10735
10737
10738
10741
10742
10743
10747
10748
10749
10750
10752
10755
10757
10758
10759
10760
10762
10764
10765
10766
10767
10769
10771
10772
10778
10779
10782
10783
10785
10786
10788
10789
10790
10791
10793
10794
10797
10798
10800
10804
10805
10806
10808
10809
10810
10811
10814
10817
10818
10819
10822
10824
10827
10829
10832
10837
10838
10840
10843
10845
10850
10852
10853
10854
10855
10856
10857
10858
10859
10861
10863
10864
10865
10868
10870
10871
10872
10873
10874
10876
10877
10878
10880
10882
10883
10884
10885
10891
10893
10895
10898
10899
10900
10902
10904
10907
10908
10911
10913
10917
10919
10923
10924
10925
10928
10929
10930
10931
10932
10934
10938
10941
10942
10943
10946
10948
10950
10951
10958
10960
10964
10966
10967
10968
10971
10972
10973
10978
10980
10981
10984
10986
10988
10989
10990
10991
10992
10994
10995
10997
10998
10999
11000
11001
11002
11003
11006
11010
11014
11015
11016
11018
11024
11025
11030
11031
11032
11034
11035
11037
11038
11039
11040
11041
11042
11045
11046
11049
11051
11052
11053
11054
11055
11056
11058
11061
11062
11063
11065
11067
11068
11069
11071
11074
11079
11082
11086
11087
11091
11093
11095
11096
11099
11102
11103
11104
11105
11106
11113
11114
11115
11117
11118
11123
11124
11125
11129
11130
11133
11134
11138
11139
11142
11143
11145
11147
11150
11151
11153
11154
11155
11156
11157
11158
11159
11160
11161
11165
11167
11171
11174
11180
11181
11182
11183
11185
11188
11189
11190
11191
11193
11194
11195
11198
11203
11205
11214
11215
11220
11222
11223
11225
11226
11227
11228
11229
11232
11236
11237
11240
11241
11242
11243
11244
11246
11248
11249
11252
11256
11258
11259
11263
11264
11271
11272
11273
11277
11278
11280
11282
11283
11287
11289
11290
11294
11295
11296
11297
11299
11300
11302
11303
11304
11306
11307
11308
11309
11310
11311
11312
11313
11317
11318
11319
11320
11322
11323
11326
11329
11331
11334
11336
11337
11339
11343
11344
11348
11349
11352
11357
11364
11365
11367
11368
11370
11372
11373
11377
11378
11379
11380
11382
11384
11385
11388
11390
11392
11393
11395
11397
11400
11401
11404
11405
11406
11408
11411
11412
11413
11418
11419
11421
11422
11424
11425
11426
11429
11430
11435
11437
11438
11441
11443
11445
11446
11448
11449
11452
11453
11457
11459
11461
11467
11468
11470
11472
11478
11479
11480
11490
11493
11494
11496
11498
11499
11500
11501
11502
11503
11506
11507
11508
11511
11513
11516
11517
11520
11523
11526
11527
11528
11530
11532
11535
11537
11539
11540
11542
11545
11550
11551
11552
11556
11557
11558
11559
11564
11567
11568
11569
11570
11572
11573
11575
11576
11578
11581
11584
11586
11588
11590
11592
11593
11594
11595
11597
11601
11603
11605
11607
11608
11609
11610
11611
11614
11617
11619
11620
11621
11623
11624
11625
11627
11630
11631
11633
11634
11635
11637
11641
11642
11643
11646
11648
11649
11652
11658
11659
11660
11661
11663
11664
11665
11667
11669
11673
11674
11676
11679
11680
11683
11688
11693
11694
11695
11696
11710
11711
11714
11716
11717
11718
11721
11722
11725
11726
11728
11730
11731
11732
11733
11734
11738
11740
11743
11744
11745
11747
11748
11751
11752
11755
11756
11757
11758
11759
11761
11762
11763
11766
11767
11769
11770
11771
11772
11773
11775
11776
11780
11784
11786
11788
11789
11790
11791
11792
11793
11794
11795
11796
11799
11800
11801
11802
11803
11806
11807
11809
11812
11813
11814
11815
11817
11818
11820
11821
11823
11827
11828
11829
11831
11835
11836
11837
11839
11841
11845
11847
11849
11852
11853
11854
11855
11856
11859
11861
11863
11867
11868
11869
11871
11872
11873
11875
11876
11877
11881
11883
11885
11887
11890
11893
11896
11897
11898
11899
11900
11901
11907
11909
11914
11916
11918
11919
11920
11922
11926
11928
11934
11935
11939
11940
11943
11945
11946
11948
11949
11950
11951
11953
11954
11956
11957
11959
11961
11962
11966
11969
11970
11973
11974
11975
11976
11978
11979
11981
11982
11984
11985
11986
11994
11995
11996
11999
12000
12002
12007
12016
12017
12018
12019
12020
12021
12025
12026
12028
12029
12030
12032
12033
12034
12035
12037
12038
12039
12044
12046
12048
12049
12054
12059
12060
12061
12062
12063
12065
12066
12067
12069
12070
12072
12073
12074
12076
12080
12081
12084
12085
12087
12094
12098
12101
12103
12106
12108
12109
12111
12115
12124
12125
12126
12128
12130
12131
12133
12134
12136
12137
12142
12146
12147
12148
12154
12157
12160
12162
12163
12164
12165
12166
12167
12168
12172
12176
12180
12181
12182
12183
12184
12191
12192
12194
12197
12198
12203
12204
12205
12207
12208
12209
12210
12212
12213
12215
12217
12219
12220
12221
12224
12228
12229
12230
12231
12232
12233
12235
12236
12237
12238
12242
12247
12249
12251
12257
12259
12261
12266
12269
12274
12276
12277
12282
12285
12286
12287
12295
12301
12304
12305
12309
12312
12313
12315
12317
12318
12323
12325
12326
12327
12331
12332
12334
12335
12337
12339
12340
12345
12347
12348
12349
12351
12353
12364
12367
12369
12371
12373
12379
12382
12383
12384
12387
12389
12393
12394
12397
12400
12402
12403
12404
12405
12409
12410
12411
12412
12413
12414
12415
12417
12420
12421
12424
12426
12427
12428
12429
12431
12434
12435
12436
12437
12439
12441
12442
12444
12445
12446
12448
12450
12451
12457
12458
12460
12462
12466
12469
12470
12472
12473
12474
12475
12477
12478
12481
12483
12488
12493
12494
12496
12498
12500
12502
12504
12506
12511
12513
12516
12517
12519
12520
12523
12525
12526
12527
12529
12530
12531
12532
12533
12534
12535
12537
12541
12545
12546
12547
12550
12551
12553
12554
12555
12556
12560
12561
12562
12564
12570
12571
12575
12576
12577
12583
12584
12586
12587
12588
12589
12590
12591
12592
12593
12594
12595
12596
12597
12598
12599
12600
12605
12606
12607
12610
12617
12618
12619
12621
12622
12623
12631
12634
12636
12637
12638
12641
12643
12644
12646
12647
12649
12650
12654
12655
12658
12659
12660
12661
12662
12663
12665
12667
12669
12670
12671
12672
12675
12676
12678
12679
12687
12688
12689
12691
12692
12697
12698
12700
12701
12703
12704
12706
12707
12710
12713
12714
12715
12717
12718
12719
12721
12722
12723
12728
12729
12730
12731
12732
12736
12737
12738
12743
12745
12747
12748
12749
12752
12754
12757
12759
12760
12762
12766
12768
12769
12770
12774
12777
12778
12780
12781
12782
12786
12788
12789
12791
12792
12796
12797
12798
12799
12800
12801
12805
12806
12807
12811
12813
12814
12815
12816
12819
12820
12822
12823
12825
12829
12834
12836
12837
12838
12842
12843
12846
12848
12851
12853
12856
12859
12863
12866
12867
12870
12872
12875
12876
12877
12878
12880
12881
12882
12884
12887
12888
12889
12891
12893
12895
12896
12899
12901
12902
12904
12906
12909
12911
12914
12916
12918
12920
12921
12924
12926
12927
12928
12930
12931
12933
12935
12936
12939
12940
12941
12942
12944
12945
12946
12947
12949
12951
12952
12953
12954
12955
12957
12960
12963
12964
12966
12969
12971
12972
12980
12981
12982
12986
12987
12989
12990
12991
12993
12994
12995
12996
12998
13000
13005
13007
13012
13016
13021
13024
13030
13031
13032
13033
13034
13037
13039
13040
13041
13043
13044
13045
13046
13048
13049
13050
13052
13054
13055
13058
13060
13062
13063
13064
13065
13066
13070
13071
13075
13076
13078
13085
13086
13087
13088
13090
13094
13096
13098
13100
13101
13103
13104
13105
13106
13108
13110
13113
13114
13115
13119
13120
13122
13123
13126
13128
13131
13137
13138
13139
13144
13145
13146
13147
13148
13151
13153
13154
13155
13157
13158
13159
13160
13161
13162
13165
13167
13168
13170
13172
13174
13176
13177
13179
13180
13183
13184
13185
13186
13188
13189
13191
13192
13193
13196
13200
13203
13204
13206
13207
13209
13214
13216
13217
13218
13219
13220
13222
13223
13225
13228
13231
13232
13236
13237
13238
13239
13241
13243
13244
13251
13252
13253
13257
13258
13259
13261
13269
13272
13273
13276
13277
13278
13279
13280
13284
13285
13286
13290
13292
13295
13296
13297
13298
13303
13304
13305
13306
13308
13310
13311
13312
13313
13314
13317
13318
13319
13320
13321
13323
13324
13325
13326
13327
13330
13332
13334
13335
13336
13339
13340
13342
13345
13347
13350
13353
13354
13355
13359
13361
13363
13364
13367
13368
13371
13374
13375
13376
13377
13380
13381
13384
13387
13388
13389
13392
13393
13394
13397
13398
13400
13401
13402
13404
13407
13411
13412
13413
13414
13415
13417
13419
13420
13422
13424
13428
13431
13433
13434
13435
13436
13437
13438
13439
13441
13442
13443
13448
13449
13452
13457
13458
13459
13461
13462
13464
13467
13469
13471
13472
13474
13475
13476
13480
13481
13482
13483
13484
13491
13492
13494
13496
13498
13500
13509
13510
13512
13514
13515
13516
13522
13523
13527
13528
13531
13532
13537
13539
13540
13541
13542
13543
13544
13545
13546
13550
13551
13552
13553
13554
13555
13556
13557
13558
13560
13562
13563
13565
13566
13567
13569
13570
13572
13573
13574
13579
13580
13585
13587
13588
13589
13590
13591
13594
13595
13597
13598
13600
13602
13603
13604
13606
13610
13612
13616
13617
13618
13619
13620
13621
13623
13624
13626
13628
13629
13632
13633
13634
13638
13645
13646
13651
13652
13654
13656
13658
13659
13660
13665
13666
13667
13669
13674
13675
13676
13679
13680
13682
13690
13691
13694
13696
13697
13700
13703
13705
13707
13709
13710
13715
13716
13719
13721
13724
13725
13727
13728
13729
13730
13734
13736
13738
13739
13742
13743
13746
13747
13748
13752
13753
13754
13755
13756
13757
13758
13759
13760
13762
13769
13773
13778
13779
13781
13783
13786
13789
13790
13791
13793
13800
13801
13802
13806
13807
13808
13810
13811
13812
13813
13814
13815
13816
13819
13820
13821
13825
13826
13827
13828
13829
13830
13831
13832
13837
13838
13839
13845
13850
13852
13853
13854
13857
13863
13864
13867
13870
13871
13872
13875
13876
13877
13878
13881
13883
13887
13888
13894
13898
13899
13901
13905
13907
13909
13913
13915
13916
13919
13920
13921
13922
13924
13925
13926
13931
13933
13937
13944
13945
13946
13949
13950
13951
13953
13954
13957
13958
13963
13966
13967
13968
13970
13973
13975
13976
13977
13982
13984
13985
13986
13987
13988
13991
13995
13997
13999
14000
14001
14002
14003
14004
14006
14008
14010
14011
14012
14013
14014
14018
14019
14020
14021
14024
14025
14026
14028
14030
14033
14039
14043
14044
14045
14047
14048
14049
14050
14051
14052
14054
14055
14058
14061
14064
14066
14068
14070
14074
14075
14080
14084
14085
14087
14088
14089
14091
14092
14093
14100
14101
14102
14104
14106
14109
14110
14113
14114
14115
14117
14119
14120
14122
14124
14125
14127
14128
14129
14131
14133
14135
14139
14140
14143
14147
14148
14149
14151
14152
14154
14157
14160
14163
14166
14168
14171
14172
14173
14176
14179
14180
14182
14183
14185
14186
14190
14191
14193
14194
14195
14196
14197
14200
14202
14207
14208
14211
14212
14213
14216
14221
14226
14232
14233
14234
14236
14237
14239
14240
14241
14243
14246
14247
14248
14249
14250
14251
14259
14261
14262
14263
14268
14269
14272
14273
14274
14278
14282
14288
14289
14291
14293
14296
14299
14301
14304
14308
14310
14312
14313
14314
14316
14318
14323
14324
14326
14327
14329
14330
14331
14332
14335
14336
14339
14341
14342
14343
14344
14346
14347
14354
14356
14357
14359
14360
14362
14364
14365
14368
14371
14372
14373
14375
14378
14384
14385
14389
14390
14392
14394
14399
14403
14404
14405
14406
14409
14411
14414
14415
14417
14418
14421
14422
14423
14426
14427
14429
14430
14433
14434
14435
14446
14448
14453
14454
14459
14463
14464
14465
14466
14468
14472
14473
14475
14477
14478
14479
14481
14482
14484
14485
14486
14489
14492
14494
14500
14501
14506
14507
14508
14509
14512
14515
14517
14524
14525
14526
14528
14529
14534
14536
14537
14538
14539
14540
14543
14544
14545
14550
14553
14555
14557
14559
14561
14562
14563
14564
14565
14567
14570
14572
14573
14574
14576
14578
14579
14580
14581
14582
14583
14585
14587
14589
14590
14592
14598
14599
14601
14602
14604
14607
14608
14609
14612
14613
14614
14615
14616
14617
14618
14621
14625
14628
14629
14630
14631
14632
14633
14636
14640
14642
14645
14646
14652
14653
14654
14655
14656
14657
14661
14662
14665
14667
14669
14670
14671
14672
14675
14677
14680
14682
14684
14685
14686
14687
14689
14691
14694
14695
14696
14698
14702
14703
14708
14712
14713
14714
14715
14717
14718
14720
14721
14725
14731
14732
14740
14741
14742
14743
14745
14746
14747
14749
14750
14751
14752
14755
14757
14758
14759
14761
14762
14763
14764
14765
14766
14767
14769
14770
14772
14774
14777
14778
14779
14782
14786
14789
14792
14793
14794
14795
14796
14797
14798
14799
14801
14803
14804
14809
14810
14816
14817
14819
14825
14826
14828
14830
14833
14835
14836
14839
14841
14843
14844
14845
14846
14851
14852
14856
14857
14860
14862
14865
14866
14870
14871
14872
14875
14882
14883
14884
14885
14887
14888
14891
14893
14895
14896
14898
14899
14900
14901
14904
14905
14907
14908
14909
14912
14914
14915
14916
14918
14921
14923
14924
14925
14932
14935
14940
14945
14946
14947
14956
14959
14960
14963
14964
14967
14970
14974
14975
14976
14979
14982
14984
14986
14987
14990
14991
14992
14993
14994
15001
15003
15004
15006
15007
15008
15009
15010
15012
15013
15014
15015
15016
15017
15018
15019
15021
15022
15023
15025
15027
15028
15029
15033
15035
15037
15040
15041
15045
15047
15048
15049
15055
15056
15057
15058
15067
15068
15070
15071
15072
15074
15076
15080
15081
15082
15083
15085
15088
15089
15090
15091
15092
15095
15097
15099
15101
15102
15103
15104
15105
15107
15109
15111
15115
15117
15119
15122
15123
15124
15125
15126
15127
15128
15133
15134
15135
15138
15142
15143
15146
15148
15150
15153
15154
15157
15158
15159
15160
15161
15165
15167
15168
15169
15172
15173
15178
15181
15183
15185
15186
15187
15189
15193
15194
15198
15201
15203
15206
15207
15208
15211
15212
15213
15214
15215
15216
15223
15224
15229
15232
15234
15236
15239
15240
15242
15243
15244
15245
15246
15247
15249
15250
15252
15254
15256
15257
15258
15262
15264
15266
15272
15273
15274
15275
15276
15277
15278
15279
15280
15281
15282
15287
15288
15294
15302
15303
15305
15307
15308
15309
15310
15311
15316
15317
15319
15322
15324
15325
15327
15329
15330
15331
15332
15337
15338
15340
15341
15343
15344
15346
15349
15350
15351
15352
15353
15357
15360
15362
15363
15365
15367
15372
15373
15374
15377
15382
15386
15387
15388
15392
15395
15397
15399
15400
15405
15411
15415
15416
15417
15419
15420
15421
15423
15424
15427
15428
15429
15431
15434
15435
15436
15437
15438
15439
15443
15445
15446
15448
15451
15452
15454
15457
15458
15461
15466
15471
15474
15476
15477
15479
15483
15486
15487
15491
15492
15493
15494
15496
15497
15499
15501
15502
15506
15510
15513
15514
15515
15517
15518
15519
15520
15522
15523
15524
15525
15526
15531
15533
15535
15538
15540
15542
15546
15547
15548
15551
15553
15555
15559
15560
15561
15563
15569
15574
15575
15577
15582
15585
15590
15591
15593
15596
15599
15602
15607
15608
15612
15614
15615
15616
15618
15619
15623
15624
15625
15627
15628
15631
15632
15633
15634
15635
15637
15639
15645
15647
15649
15650
15652
15654
15656
15657
15659
15660
15661
15662
15665
15669
15671
15675
15676
15677
15678
15680
15682
15683
15686
15688
15689
15691
15693
15696
15698
15701
15702
15705
15706
15709
15710
15711
15714
15717
15723
15725
15728
15729
15730
15731
15732
15736
15737
15740
15741
15743
15745
15746
15749
15751
15754
15755
15759
15761
15765
15767
15772
15777
15778
15781
15782
15786
15787
15793
15794
15796
15797
15798
15799
15803
15804
15807
15809
15811
15815
15822
15823
15825
15829
15830
15831
15834
15835
15837
15838
15839
15840
15844
15845
15847
15849
15850
15852
15853
15854
15855
15856
15868
15871
15876
15881
15883
15885
15886
15887
15888
15889
15891
15894
15895
15896
15897
15899
15900
15901
15902
15903
15908
15912
15913
15914
15915
15916
15917
15920
15921
15922
15923
15924
15926
15927
15929
15930
15931
15932
15933
15934
15935
15938
15939
15940
15943
15944
15945
15947
15950
15951
15954
15955
15956
15958
15960
15962
15963
15965
15966
15968
15974
15976
15977
15978
15979
15980
15981
15982
15984
15987
15988
15989
15990
15991
15994
15996
15999
16002
16003
16005
16006
16009
16010
16013
16014
16015
16018
16021
16022
16025
16027
16029
16031
16032
16033
16034
16035
16038
16040
16042
16045
16046
16048
16050
16051
16052
16055
16058
16059
16061
16062
16063
16064
16065
16068
16070
16074
16076
16083
16085
16086
16090
16091
16092
16093
16094
16096
16099
16100
16104
16105
16112
16114
16115
16117
16118
16120
16123
16127
16129
16130
16134
16135
16138
16139
16140
16141
16142
16144
16145
16147
16149
16150
16152
16154
16155
16158
16159
16160
16162
16164
16166
16167
16171
16172
16176
16179
16180
16186
16189
16190
16191
16192
16194
16198
16199
16204
16205
16206
16207
16208
16210
16211
16215
16216
16221
16223
16224
16228
16229
16230
16231
16232
16233
16234
16236
16238
16240
16241
16242
16243
16244
16246
16249
16250
16252
16254
16255
16257
16258
16259
16261
16263
16264
16265
16266
16271
16276
16278
16279
16280
16282
16283
16285
16288
16289
16294
16295
16296
16298
16302
16304
16305
16307
16308
16309
16311
16312
16313
16320
16322
16323
16325
16326
16327
16328
16329
16330
16334
16335
16339
16340
16342
16344
16345
16346
16347
16349
16351
16355
16356
16358
16362
16364
16365
16366
16368
16370
16371
16374
16376
16377
16378
16382
16383
16385
16387
16390
16396
16398
16399
16400
16403
16405
16406
16407
16414
16420
16422
16423
16424
16425
16426
16431
16432
16433
16434
16435
16437
16438
16442
16444
16445
16447
16448
16452
16455
16459
16460
16462
16465
16466
16470
16480
16482
16487
16495
16497
16498
16501
16504
16505
16507
16511
16516
16517
16518
16520
16522
16523
16524
16525
16526
16531
16532
16534
16539
16541
16542
16543
16545
16546
16547
16548
16549
16550
16552
16556
16557
16560
16561
16562
16563
16566
16567
16570
16571
16573
16579
16585
16586
16588
16589
16593
16594
16595
16597
16598
16605
16608
16609
16610
16611
16612
16613
16614
16615
16618
16619
16620
16622
16627
16628
16631
16632
16634
16635
16636
16637
16638
16639
16640
16641
16643
16645
16646
16648
16650
16651
16652
16653
16654
16656
16657
16659
16660
16661
16663
16671
16673
16677
16679
16680
16681
16685
16687
16689
16691
16692
16693
16694
16695
16697
16705
16711
16712
16714
16716
16717
16718
16720
16724
16727
16729
16732
16735
16736
16738
16739
16740
16741
16742
16743
16744
16745
16748
16752
16755
16756
16757
16758
16763
16766
16769
16770
16773
16776
16777
16779
16781
16785
16787
16790
16791
16793
16794
16795
16800
16801
16807
16809
16816
16817
16819
16823
16824
16825
16828
16831
16834
16835
16836
16838
16839
16840
16841
16842
16846
16849
16851
16852
16856
16861
16863
16865
16874
16875
16877
16878
16880
16881
16883
16885
16887
16888
16890
16893
16894
16895
16897
16898
16901
16903
16905
16907
16908
16909
16910
16913
16914
16915
16916
16917
16921
16923
16927
16936
16938
16939
16940
16941
16943
16944
16946
16947
16948
16949
16950
16951
16953
16956
16958
16962
16963
16965
16967
16968
16969
16970
16973
16979
16980
16981
16983
16984
16985
16987
16989
16993
16996
16997
16998
17000
17001
17004
17008
17010
17011
17012
17013
17015
17016
17017
17018
17019
17020
17023
17025
17031
17033
17036
17039
17041
17043
17045
17048
17051
17052
17055
17056
17058
17059
17063
17064
17065
17068
17069
17071
17074
17076
17077
17079
17084
17087
17089
17090
17091
17092
17093
17095
17101
17104
17108
17110
17111
17112
17113
17115
17121
17122
17124
17127
17130
17132
17135
17137
17139
17141
17144
17145
17146
17147
17149
17152
17153
17154
17157
17159
17160
17162
17163
17165
17168
17169
17170
17172
17175
17178
17179
17184
17188
17189
17194
17195
17196
17197
17199
17201
17202
17203
17208
17210
17214
17215
17218
17219
17220
17223
17224
17226
17230
17233
17235
17236
17240
17242
17245
17247
17250
17251
17253
17257
17260
17261
17262
17264
17267
17271
17273
17275
17276
17277
17278
17279
17284
17285
17291
17294
17298
17299
17300
17301
17302
17303
17304
17306
17307
17308
17309
17310
17312
17314
17316
17317
17324
17328
17334
17335
17338
17340
17341
17343
17345
17346
17348
17350
17351
17352
17353
17356
17358
17361
17362
17363
17365
17367
17369
17371
17372
17373
17374
17375
17378
17380
17384
17385
17387
17388
17390
17391
17394
17395
17399
17401
17402
17406
17407
17408
17409
17410
17411
17413
17414
17415
17416
17422
17423
17425
17426
17428
17430
17431
17432
17433
17434
17437
17438
17440
17441
17443
17444
17445
17452
17453
17455
17457
17459
17460
17463
17464
17465
17469
17470
17474
17476
17477
17479
17483
17486
17487
17490
17491
17493
17494
17495
17496
17498
17499
17500
17502
17506
17508
17511
17512
17513
17515
17516
17517
17518
17520
17521
17522
17524
17526
17528
17529
17534
17535
17537
17539
17546
17548
17551
17555
17557
17558
17560
17562
17563
17564
17569
17572
17574
17575
17576
17578
17579
17580
17581
17583
17585
17586
17587
17592
17593
17594
17595
17598
17599
17602
17604
17605
17610
17611
17615
17617
17620
17622
17625
17627
17629
17631
17636
17638
17642
17644
17645
17648
17650
17651
17652
17653
17655
17656
17657
17660
17661
17664
17665
17666
17667
17668
17671
17673
17674
17680
17683
17685
17686
17687
17688
17689
17690
17691
17692
17693
17700
17702
17703
17705
17707
17710
17712
17715
17720
17722
17724
17726
17727
17728
17729
17730
17731
17735
17736
17737
17740
17742
17743
17748
17750
17751
17753
17754
17755
17756
17758
17766
17767
17769
17770
17772
17773
17775
17781
17783
17786
17787
17788
17790
17791
17797
17798
17800
17803
17804
17806
17808
17809
17810
17812
17813
17816
17819
17822
17825
17826
17829
17830
17831
17833
17835
17838
17841
17842
17844
17845
17847
17848
17850
17851
17853
17856
17857
17860
17861
17862
17863
17865
17867
17868
17869
17871
17873
17875
17876
17877
17878
17879
17880
17881
17885
17887
17889
17891
17895
17897
17898
17900
17901
17902
17903
17904
17905
17906
17907
17909
17910
17911
17914
17918
17920
17922
17924
17925
17926
17927
17928
17929
17931
17932
17933
17936
17937
17944
17946
17947
17948
17949
17951
17955
17956
17957
17959
17960
17961
17963
17964
17967
17968
17977
17979
17980
17981
17982
17983
17986
17987
17988
17993
18000
18003
18004
18008
18009
18013
18014
18015
18018
18022
18024
18025
18027
18029
18031
18035
18039
18040
18043
18045
18046
18050
18051
18055
18061
18063
18067
18069
18070
18074
18075
18076
18078
18081
18082
18083
18086
18087
18089
18091
18093
18096
18097
18098
18100
18101
18102
18105
18108
18109
18111
18115
18118
18120
18121
18123
18124
18125
18126
18127
18128
18129
18132
18137
18142
18143
18144
18146
18147
18148
18149
18151
18153
18154
18156
18157
18158
18160
18161
18173
18174
18175
18176
18177
18179
18184
18185
18186
18187
18189
18191
18192
18193
18195
18197
18198
18199
18200
18206
18207
18208
18211
18212
18214
18215
18218
18219
18220
18222
18223
18226
18227
18229
18230
18231
18232
18233
18234
18237
18239
18240
18242
18243
18245
18246
18251
18252
18255
18258
18259
18262
18265
18268
18272
18277
18282
18285
18287
18288
18292
18294
18296
18297
18298
18299
18302
18303
18306
18307
18308
18309
18310
18313
18318
18321
18323
18325
18326
18327
18328
18331
18335
18337
18338
18340
18342
18344
18345
18346
18347
18349
18350
18352
18354
18355
18361
18363
18364
18365
18367
18369
18371
18374
18375
18377
18380
18381
18382
18384
18385
18387
18388
18390
18391
18393
18395
18396
18398
18400
18403
18405
18406
18408
18409
18414
18416
18417
18419
18420
18421
18422
18425
18427
18428
18430
18431
18433
18436
18439
18441
18442
18444
18446
18447
18448
18449
18450
18452
18454
18458
18459
18460
18461
18462
18463
18466
18468
18470
18471
18472
18473
18475
18476
18480
18481
18483
18487
18491
18494
18496
18497
18498
18503
18504
18507
18508
18511
18512
18513
18514
18516
18518
18519
18520
18521
18524
18525
18528
18530
18535
18538
18539
18540
18541
18542
18543
18547
18548
18551
18552
18554
18555
18558
18560
18561
18562
18563
18565
18566
18569
18570
18571
18573
18575
18577
18582
18584
18586
18587
18588
18589
18590
18595
18597
18598
18600
18602
18603
18606
18608
18609
18610
18615
18617
18621
18629
18630
18632
18633
18636
18637
18638
18641
18645
18646
18647
18648
18649
18651
18654
18655
18656
18658
18665
18671
18673
18674
18676
18678
18679
18680
18684
18685
18686
18687
18690
18691
18692
18696
18698
18700
18701
18703
18705
18706
18708
18710
18716
18718
18719
18723
18724
18726
18727
18728
18729
18730
18731
18733
18736
18737
18739
18740
18741
18743
18744
18745
18748
18750
18752
18756
18759
18761
18767
18768
18770
18772
18774
18776
18777
18779
18781
18783
18784
18785
18786
18788
18792
18805
18807
18808
18809
18811
18812
18814
18815
18817
18818
18819
18820
18822
18825
18827
18828
18831
18835
18836
18837
18838
18839
18840
18841
18842
18844
18847
18851
18853
18855
18856
18857
18858
18859
18862
18864
18865
18866
18867
18868
18870
18871
18872
18873
18875
18876
18879
18880
18882
18885
18888
18894
18897
18898
18905
18907
18909
18910
18911
18912
18913
18914
18918
18921
18922
18925
18926
18928
18932
18935
18937
18939
18941
18942
18943
18944
18946
18947
18949
18950
18952
18954
18955
18956
18957
18958
18962
18963
18964
18965
18968
18969
18970
18973
18974
18975
18977
18981
18986
18987
18988
18989
18991
18992
18994
18995
18996
18997
18999
19011
19014
19015
19016
19021
19022
19023
19026
19030
19031
19033
19034
19037
19038
19040
19046
19047
19048
19050
19051
19053
19054
19055
19057
19059
19061
19064
19065
19069
19071
19073
19074
19075
19082
19083
19084
19087
19089
19091
19092
19093
19094
19095
19096
19097
19098
19100
19107
19113
19114
19117
19118
19119
19120
19121
19122
19123
19124
19126
19127
19128
19129
19130
19131
19132
19133
19134
19136
19138
19139
19140
19141
19143
19144
19148
19149
19153
19154
19158
19160
19161
19163
19165
19166
19168
19169
19173
19175
19176
19177
19178
19179
19184
19185
19188
19191
19192
19195
19196
19198
19200
19201
19205
19206
19208
19210
19212
19214
19216
19217
19222
19223
19227
19229
19230
19232
19234
19238
19239
19240
19243
19248
19249
19252
19254
19257
19260
19261
19262
19264
19266
19267
19269
19272
19273
19278
19279
19281
19282
19283
19285
19287
19288
19294
19295
19298
19299
19300
19303
19304
19306
19309
19310
19311
19312
19314
19315
19319
19320
19321
19325
19326
19329
19330
19332
19336
19337
19338
19339
19340
19341
19342
19344
19345
19346
19349
19350
19352
19356
19357
19358
19360
19361
19364
19365
19367
19371
19373
19375
19376
19378
19380
19381
19382
19387
19388
19389
19391
19392
19395
19396
19398
19400
19402
19404
19405
19407
19409
19414
19418
19420
19423
19424
19425
19428
19430
19431
19433
19435
19437
19439
19440
19441
19442
19443
19448
19449
19450
19458
19460
19461
19464
19465
19466
19468
19472
19474
19475
19476
19478
19480
19481
19483
19484
19485
19487
19488
19491
19492
19494
19496
19506
19507
19508
19512
19513
19517
19520
19521
19522
19524
19526
19527
19530
19531
19532
19533
19534
19536
19539
19541
19542
19544
19545
19546
19547
19548
19551
19552
19553
19558
19562
19564
19568
19569
19570
19571
19573
19574
19575
19580
19582
19585
19587
19588
19590
19591
19594
19596
19600
19601
19604
19607
19609
19613
19616
19619
19622
19623
19627
19629
19630
19631
19633
19634
19635
19636
19639
19641
19643
19646
19647
19648
19650
19652
19653
19655
19656
19657
19663
19665
19669
19671
19672
19674
19676
19680
19683
19684
19685
19689
19690
19691
19692
19693
19695
19697
19699
19700
19701
19702
19703
19705
19706
19707
19708
19711
19712
19713
19717
19718
19720
19721
19727
19728
19729
19730
19732
19736
19737
19739
19742
19744
19746
19749
19751
19752
19753
19757
19758
19759
19760
19765
19766
19767
19769
19770
19771
19775
19776
19778
19780
19784
19790
19791
19794
19795
19799
19802
19804
19805
19806
19807
19809
19814
19815
19816
19817
19819
19820
19821
19822
19824
19826
19829
19830
19831
19832
19836
19837
19840
19841
19843
19845
19846
19849
19851
19855
19856
19857
19858
19862
19864
19865
19866
19867
19868
19869
19870
19872
19873
19874
19875
19876
19877
19879
19881
19882
19883
19885
19888
19890
19891
19893
19894
19898
19899
19902
19905
19907
19908
19910
19913
19917
19920
19921
19923
19926
19929
19931
19932
19936
19938
19939
19940
19942
19943
19944
19945
19950
19954
19956
19958
19959
19960
19961
19965
19972
19973
19975
19978
19979
19981
19985
19986
19988
19990
19991
19994
19995
19997
19999
