1
2
8
10
13
15
16
17
18
21
22
23
24
24
26
28
28
31
33
33
37
39
44
44
45
46
48
48
51
62
66
68
70
73
76
79
80
82
89
90
90
91
95
101
102
105
105
105
106
110
112
113
113
115
116
119
120
122
126
133
136
139
141
143
144
145
146
148
151
154
163
172
175
181
183
184
186
187
191
194
197
197
197
203
204
206
207
209
211
213
213
214
215
218
220
220
220
221
222
224
225
228
233
236
237
238
239
239
247
247
251
251
254
255
256
257
259
261
262
262
263
264
268
270
270
271
272
272
272
275
276
278
284
286
287
288
288
288
291
292
292
293
294
296
296
300
306
309
309
317
319
319
321
323
326
327
328
329
330
331
332
336
337
340
343
343
343
344
345
346
347
347
348
348
348
350
352
358
358
360
360
360
361
362
366
368
369
370
371
373
373
373
374
375
377
378
379
382
385
389
392
393
393
397
398
399
400
402
402
403
403
403
403
404
409
414
417
421
425
426
427
428
433
434
435
435
436
437
437
439
443
443
444
445
446
447
448
449
455
462
464
464
465
465
468
470
470
471
474
475
477
478
479
479
480
484
486
487
496
496
497
498
498
499
500
503
506
506
506
511
513
520
520
524
525
525
531
533
535
535
540
541
544
545
546
546
551
552
554
555
558
562
562
563
565
567
568
568
571
575
578
579
582
583
584
585
586
589
595
596
598
602
602
605
606
606
608
610
613
614
617
618
618
619
620
622
625
628
631
633
634
634
639
644
644
646
648
649
652
657
661
667
669
669
675
677
681
682
682
684
685
685
689
690
692
696
698
704
705
706
713
714
715
721
723
725
727
732
732
733
736
737
738
738
741
747
755
755
757
757
760
764
765
767
769
772
772
773
774
778
779
781
782
783
785
787
787
788
789
790
791
792
794
794
795
796
797
799
801
801
801
801
802
804
804
804
809
809
810
810
811
814
815
817
823
824
824
840
840
840
843
847
848
856
863
866
868
869
872
874
874
874
874
879
880
880
883
886
891
892
895
896
898
900
901
903
903
904
911
913
918
918
919
920
927
927
928
930
930
933
937
939
939
940
942
944
947
949
950
950
951
954
954
955
955
956
957
957
960
961
962
965
965
969
970
974
976
978
981
986
987
988
989
990
991
996
999
999
1001
1003
1004
1007
1007
1007
1008
1009
1014
1016
1019
1020
1024
1025
1028
1028
1028
1028
1029
1031
1032
1036
1039
1039
1040
1041
1042
1042
1043
1045
1047
1048
1049
1049
1051
1052
1052
1053
1057
1057
1058
1060
1065
1068
1071
1072
1072
1072
1075
1077
1078
1080
1081
1085
1091
1093
1094
1095
1097
1099
1102
1105
1107
1109
1112
1113
1113
1115
1115
1115
1119
1133
1133
1134
1134
1134
1136
1138
1139
1140
1142
1146
1146
1147
1148
1151
1151
1152
1155
1157
1159
1164
1168
1168
1171
1172
1173
1176
1179
1180
1181
1184
1185
1185
1187
1188
1191
1192
1197
1197
1199
1199
1200
1203
1204
1207
1208
1210
1211
1213
1214
1215
1215
1216
1216
1216
1217
1218
1219
1219
1220
1221
1222
1222
1224
1224
1224
1228
1231
1232
1232
1233
1234
1236
1239
1240
1241
1243
1243
1245
1247
1249
1251
1251
1252
1253
1254
1255
1261
1262
1263
1266
1270
1272
1274
1277
1277
1280
1281
1285
1287
1287
1289
1289
1290
1292
1296
1297
1297
1298
1304
1305
1308
1308
1309
1310
1312
1312
1313
1317
1318
1320
1321
1324
1325
1337
1340
1341
1342
1342
1345
1347
1351
1352
1352
1359
1361
1363
1363
1364
1366
1366
1367
1369
1370
1371
1379
1379
1382
1383
1387
1388
1388
1389
1391
1395
1397
1399
1404
1406
1410
1414
1415
1417
1425
1426
1428
1430
1431
1431
1438
1439
1443
1444
1447
1449
1451
1453
1454
1457
1459
1460
1462
1466
1467
1471
1473
1475
1475
1476
1477
1485
1486
1489
1490
1495
1500
1514
1516
1518
1521
1527
1530
1531
1533
1534
1536
1539
1541
1545
1550
1552
1555
1556
1557
1560
1564
1567
1568
1569
1570
1571
1573
1576
1579
1579
1580
1583
1584
1584
1585
1592
1595
1597
1598
1603
1604
1608
1608
1608
1609
1614
1615
1617
1617
1619
1619
1621
1623
1624
1625
1626
1629
1630
1633
1634
1635
1636
1637
1638
1639
1647
1650
1651
1651
1652
1656
1659
1660
1661
1662
1663
1664
1665
1667
1668
1670
1671
1673
1675
1677
1677
1678
1681
1682
1683
1684
1685
1685
1686
1687
1694
1695
1698
1698
1699
1701
1702
1705
1715
1719
1720
1722
1723
1725
1732
1737
1738
1739
1741
1742
1744
1751
1755
1755
1760
1770
1772
1774
1774
1774
1779
1781
1782
1783
1783
1785
1789
1790
1790
1792
1793
1794
1799
1801
1803
1805
1807
1809
1810
1814
1815
1819
1822
1824
1825
1829
1830
1831
1832
1833
1834
1835
1844
1844
1847
1847
1850
1850
1850
1851
1854
1854
1867
1868
1868
1868
1868
1871
1871
1872
1873
1877
1878
1878
1880
1881
1883
1884
1886
1889
1890
1891
1895
1896
1901
1901
1906
1907
1909
1909
1910
1910
1912
1912
1916
1916
1923
1931
1936
1938
1939
1940
1943
1944
1947
1950
1951
1953
1954
1957
1958
1960
1963
1963
1964
1965
1966
1974
1975
1978
1980
1981
1981
1981
1981
1986
1997
1998
2000
2002
2004
2005
2005
2009
2011
2012
2013
2015
2015
2017
2018
2018
2019
2020
2021
2021
2023
2024
2024
2027
2028
2031
2032
2033
2037
2045
2046
2048
2050
2052
2055
2055
2055
2056
2057
2061
2062
2063
2063
2063
2065
2068
2069
2073
2074
2075
2083
2084
2086
2091
2092
2093
2095
2095
2099
2099
2102
2103
2106
2107
2108
2110
2115
2117
2118
2119
2129
2131
2133
2134
2135
2136
2136
2136
2138
2139
2142
2144
2145
2146
2150
2150
2152
2160
2164
2165
2167
2168
2172
2173
2176
2176
2179
2181
2183
2184
2185
2192
2195
2199
2199
2200
2201
2201
2202
2208
2209
2209
2218
2221
2226
2226
2229
2231
2234
2236
2240
2241
2244
2245
2246
2249
2252
2254
2255
2256
2258
2261
2263
2264
2266
2271
2273
2275
2281
2285
2288
2295
2296
2297
2297
2301
2303
2307
2314
2315
2316
2317
2323
2324
2326
2326
2327
2330
2333
2333
2334
2337
2338
2338
2342
2346
2348
2348
2351
2352
2353
2356
2357
2362
2362
2363
2366
2370
2372
2376
2378
2378
2378
2380
2387
2391
2391
2395
2395
2395
2397
2398
2399
2400
2406
2411
2411
2415
2415
2415
2418
2420
2422
2426
2426
2427
2428
2429
2433
2441
2442
2444
2446
2447
2448
2449
2450
2451
2452
2452
2457
2462
2466
2467
2470
2477
2478
2479
2481
2482
2488
2488
2489
2492
2493
2495
2495
2496
2496
2500
2501
2502
2505
2507
2508
2508
2510
2511
2512
2513
2514
2515
2516
2517
2519
2520
2523
2525
2526
2530
2530
2531
2536
2539
2539
2539
2539
2547
2549
2550
2552
2552
2556
2557
2562
2562
2564
2569
2573
2576
2579
2581
2587
2588
2589
2591
2595
2597
2605
2608
2609
2610
2611
2617
2618
2619
2621
2621
2621
2624
2624
2624
2625
2627
2628
2630
2632
2632
2632
2635
2637
2638
2638
2639
2642
2646
2650
2650
2652
2654
2657
2657
2658
2662
2663
2665
2665
2667
2669
2671
2671
2672
2673
2679
2680
2682
2686
2687
2689
2691
2691
2693
2693
2693
2695
2696
2697
2698
2699
2702
2703
2703
2705
2705
2706
2706
2711
2712
2714
2719
2721
2722
2724
2726
2727
2730
2733
2733
2736
2739
2741
2745
2749
2750
2751
2752
2754
2757
2762
2764
2767
2773
2774
2776
2776
2777
2778
2780
2781
2781
2781
2784
2787
2792
2794
2795
2795
2795
2798
2800
2805
2806
2807
2813
2813
2813
2814
2816
2819
2820
2821
2822
2824
2827
2828
2830
2831
2831
2835
2840
2840
2842
2845
2846
2854
2856
2861
2862
2862
2864
2866
2869
2870
2871
2873
2878
2879
2880
2881
2884
2887
2888
2889
2891
2899
2900
2901
2903
2904
2906
2909
2910
2910
2911
2912
2913
2914
2914
2917
2920
2921
2928
2936
2937
2939
2940
2940
2942
2942
2943
2944
2948
2949
2951
2954
2955
2958
2959
2962
2962
2963
2969
2972
2974
2979
2979
2982
2984
2984
2985
2989
2989
2989
2992
2992
2994
2995
2996
2996
2998
3000
3003
3006
3011
3012
3015
3016
3018
3020
3021
3024
3025
3025
3026
3027
3031
3034
3035
3038
3040
3041
3043
3044
3045
3046
3048
3050
3051
3051
3054
3058
3060
3061
3062
3067
3068
3069
3069
3070
3079
3084
3084
3084
3085
3086
3089
3091
3095
3095
3097
3098
3101
3102
3105
3105
3106
3109
3111
3111
3116
3117
3117
3117
3119
3122
3124
3127
3128
3128
3133
3133
3134
3135
3136
3136
3136
3137
3139
3145
3146
3149
3150
3159
3160
3165
3167
3169
3174
3174
3174
3175
3177
3179
3179
3180
3181
3181
3182
3183
3185
3187
3187
3187
3190
3191
3192
3193
3195
3196
3197
3200
3201
3203
3204
3206
3206
3207
3208
3212
3214
3217
3219
3220
3225
3226
3228
3229
3235
3237
3241
3243
3247
3251
3252
3253
3255
3256
3259
3265
3267
3268
3269
3269
3270
3272
3275
3275
3277
3280
3280
3281
3283
3286
3287
3292
3295
3295
3296
3297
3298
3298
3300
3300
3301
3302
3302
3305
3308
3313
3314
3317
3323
3325
3327
3328
3328
3332
3335
3336
3338
3339
3341
3341
3345
3346
3347
3348
3350
3351
3352
3354
3355
3355
3357
3357
3357
3357
3359
3360
3360
3362
3368
3369
3371
3372
3374
3382
3385
3386
3388
3399
3400
3403
3404
3405
3406
3406
3408
3408
3411
3412
3412
3412
3414
3417
3420
3421
3422
3423
3426
3427
3427
3430
3435
3438
3440
3441
3447
3450
3451
3452
3452
3460
3460
3461
3465
3468
3469
3470
3473
3474
3474
3475
3475
3479
3481
3486
3487
3488
3488
3488
3489
3491
3491
3492
3492
3494
3496
3496
3496
3498
3498
3498
3501
3501
3503
3504
3505
3506
3508
3513
3517
3518
3521
3526
3527
3534
3535
3538
3538
3540
3542
3544
3545
3549
3549
3550
3553
3556
3558
3560
3563
3564
3566
3567
3574
3578
3579
3581
3584
3585
3585
3587
3588
3588
3590
3592
3595
3598
3598
3598
3602
3602
3602
3605
3608
3611
3615
3616
3619
3622
3625
3625
3625
3627
3628
3631
3633
3634
3634
3638
3639
3643
3645
3646
3647
3648
3650
3650
3652
3652
3653
3654
3656
3659
3660
3664
3665
3666
3668
3669
3670
3673
3674
3675
3675
3678
3678
3684
3684
3685
3686
3689
3690
3695
3695
3696
3697
3698
3700
3702
3704
3705
3706
3706
3707
3708
3709
3711
3712
3713
3714
3714
3715
3715
3716
3716
3717
3722
3724
3726
3727
3729
3729
3731
3734
3736
3744
3754
3756
3756
3758
3763
3764
3769
3771
3772
3774
3774
3775
3776
3777
3777
3778
3780
3780
3783
3784
3787
3795
3797
3800
3801
3808
3808
3810
3810
3811
3811
3813
3813
3814
3814
3822
3823
3825
3827
3827
3831
3831
3837
3839
3840
3840
3842
3844
3845
3848
3849
3857
3862
3867
3868
3868
3868
3873
3873
3873
3875
3876
3880
3887
3887
3890
3891
3892
3894
3895
3895
3895
3897
3897
3903
3904
3905
3906
3907
3907
3908
3910
3911
3911
3914
3917
3918
3924
3924
3927
3928
3929
3930
3934
3935
3937
3938
3941
3942
3944
3946
3947
3949
3951
3953
3953
3954
3955
3956
3957
3958
3959
3959
3959
3964
3964
3964
3965
3967
3968
3971
3973
3975
3976
3977
3979
3979
3980
3984
3985
3986
3988
4000
4001
4002
4004
4006
4006
4008
4009
4013
4015
4015
4016
4018
4020
4021
4022
4023
4023
4025
4026
4027
4027
4028
4028
4028
4030
4033
4033
4036
4037
4038
4040
4040
4043
4045
4048
4049
4051
4055
4057
4059
4061
4062
4065
4072
4073
4078
4080
4083
4084
4093
4094
4095
4095
4097
4098
4100
4101
4102
4106
4109
4111
4112
4113
4115
4116
4117
4123
4124
4124
4125
4127
4133
4135
4142
4144
4144
4147
4148
4151
4159
4160
4161
4161
4161
4161
4162
4172
4174
4177
4178
4179
4182
4188
4189
4189
4190
4193
4194
4195
4196
4199
4203
4203
4206
4208
4209
4211
4213
4215
4216
4219
4222
4223
4232
4234
4239
4241
4243
4246
4248
4249
4250
4260
4260
4262
4265
4265
4267
4268
4271
4272
4274
4275
4277
4279
4279
4280
4280
4282
4283
4284
4285
4286
4288
4289
4290
4292
4295
4296
4298
4300
4300
4301
4304
4306
4311
4311
4312
4312
4317
4319
4320
4321
4325
4327
4329
4330
4333
4333
4335
4336
4338
4339
4341
4344
4345
4350
4355
4355
4356
4357
4358
4358
4358
4359
4361
4363
4363
4365
4370
4371
4375
4377
4379
4380
4381
4382
4383
4386
4386
4391
4397
4398
4405
4406
4407
4409
4412
4418
4419
4423
4423
4424
4427
4430
4430
4431
4433
4436
4436
4437
4437
4438
4438
4438
4439
4444
4448
4451
4455
4457
4460
4460
4461
4461
4462
4468
4470
4471
4479
4480
4482
4489
4490
4492
4494
4495
4500
4501
4501
4502
4502
4504
4506
4507
4510
4513
4514
4514
4515
4516
4517
4519
4520
4523
4523
4527
4527
4528
4532
4532
4535
4535
4537
4538
4541
4541
4542
4544
4545
4545
4546
4547
4550
4554
4555
4555
4556
4558
4560
4562
4563
4563
4566
4566
4567
4569
4573
4576
4579
4581
4581
4581
4581
4582
4584
4585
4585
4587
4590
4591
4592
4594
4594
4598
4598
4599
4599
4600
4606
4607
4608
4609
4614
4615
4616
4617
4619
4621
4623
4624
4627
4629
4629
4630
4631
4635
4637
4637
4638
4639
4640
4645
4648
4649
4650
4655
4658
4659
4660
4664
4666
4667
4667
4667
4668
4675
4679
4682
4689
4690
4693
4694
4699
4702
4704
4705
4706
4706
4707
4708
4711
4714
4714
4715
4717
4721
4722
4723
4724
4725
4730
4734
4736
4737
4738
4742
4743
4747
4748
4748
4748
4752
4752
4752
4753
4755
4760
4772
4772
4773
4774
4779
4780
4780
4781
4781
4784
4788
4790
4791
4792
4792
4796
4803
4804
4807
4809
4809
4809
4811
4812
4817
4818
4821
4822
4823
4824
4827
4829
4830
4832
4832
4834
4837
4848
4848
4849
4853
4854
4858
4859
4861
4862
4863
4869
4870
4871
4875
4875
4877
4878
4878
4879
4885
4886
4887
4890
4890
4894
4896
4896
4899
4901
4904
4905
4906
4909
4910
4913
4915
4915
4917
4919
4919
4919
4920
4921
4926
4926
4928
4929
4930
4930
4932
4932
4932
4938
4943
4949
4950
4952
4957
4958
4958
4959
4963
4964
4964
4966
4969
4970
4972
4973
4977
4978
4979
4982
4983
4984
4986
4992
4994
4995
4998
4999
5002
5005
5005
5005
5006
5008
5015
5016
5017
5018
5019
5022
5027
5032
5032
5038
5038
5038
5040
5041
5041
5043
5046
5048
5049
5058
5062
5063
5064
5064
5065
5069
5070
5071
5072
5077
5080
5080
5082
5084
5086
5088
5091
5097
5098
5099
5100
5102
5104
5106
5107
5109
5110
5110
5113
5115
5116
5123
5126
5127
5127
5129
5129
5129
5132
5132
5132
5137
5140
5141
5142
5142
5146
5146
5149
5150
5159
5160
5164
5164
5165
5172
5174
5175
5176
5177
5185
5185
5186
5187
5189
5191
5192
5193
5195
5196
5197
5200
5201
5203
5205
5206
5213
5214
5221
5223
5226
5226
5226
5229
5229
5230
5231
5233
5238
5241
5243
5245
5246
5247
5247
5248
5249
5250
5252
5252
5254
5259
5260
5261
5264
5266
5268
5268
5268
5268
5269
5272
5273
5274
5275
5276
5280
5281
5283
5283
5284
5286
5289
5295
5298
5299
5308
5311
5317
5319
5320
5322
5324
5325
5325
5328
5329
5330
5330
5332
5333
5338
5339
5339
5343
5343
5344
5353
5354
5356
5360
5363
5363
5363
5363
5365
5366
5372
5377
5379
5380
5380
5383
5383
5383
5385
5385
5386
5391
5392
5393
5394
5394
5397
5398
5402
5402
5408
5414
5417
5418
5419
5422
5425
5431
5433
5435
5438
5440
5442
5444
5445
5456
5458
5459
5460
5461
5463
5464
5464
5466
5466
5466
5468
5470
5474
5477
5480
5481
5483
5484
5490
5491
5494
5500
5502
5503
5503
5506
5506
5510
5510
5516
5519
5521
5521
5521
5523
5525
5526
5531
5532
5534
5534
5535
5541
5545
5546
5548
5549
5549
5551
5552
5554
5554
5556
5560
5563
5566
5569
5570
5575
5578
5580
5581
5582
5583
5583
5583
5585
5585
5588
5593
5596
5598
5600
5600
5605
5610
5611
5618
5618
5620
5621
5622
5623
5623
5626
5628
5628
5629
5631
5631
5634
5635
5637
5642
5644
5645
5647
5654
5655
5656
5656
5658
5664
5669
5671
5677
5677
5678
5680
5680
5682
5686
5687
5688
5691
5693
5695
5701
5702
5702
5703
5703
5704
5705
5706
5707
5708
5711
5712
5714
5716
5718
5719
5722
5725
5726
5727
5730
5732
5735
5736
5737
5737
5738
5738
5741
5742
5743
5743
5746
5747
5747
5748
5748
5749
5751
5751
5755
5757
5758
5761
5763
5764
5770
5772
5775
5780
5781
5781
5785
5785
5788
5789
5793
5793
5794
5796
5796
5798
5799
5799
5800
5801
5801
5801
5802
5803
5803
5803
5806
5807
5808
5812
5815
5816
5817
5819
5820
5821
5825
5826
5826
5827
5828
5833
5833
5834
5837
5839
5845
5850
5853
5854
5856
5859
5861
5863
5864
5864
5864
5864
5866
5867
5869
5869
5871
5872
5875
5876
5877
5880
5880
5881
5884
5887
5890
5893
5894
5895
5896
5897
5901
5903
5905
5907
5908
5912
5912
5913
5914
5916
5918
5919
5924
5927
5928
5931
5935
5939
5940
5946
5946
5947
5955
5955
5967
5968
5968
5970
5972
5973
5974
5977
5980
5981
5988
5993
5994
6000
6001
6003
6004
6006
6007
6008
6011
6013
6014
6018
6019
6019
6020
6022
6025
6026
6034
6035
6036
6040
6043
6043
6046
6049
6050
6053
6053
6055
6061
6061
6064
6070
6074
6074
6078
6079
6081
6083
6085
6085
6085
6089
6096
6097
6098
6103
6106
6107
6110
6113
6114
6115
6115
6116
6116
6117
6120
6121
6122
6126
6126
6128
6129
6135
6136
6137
6140
6144
6148
6149
6152
6155
6156
6157
6161
6163
6164
6165
6169
6175
6177
6177
6179
6180
6185
6194
6198
6203
6205
6205
6209
6210
6212
6212
6212
6213
6214
6214
6220
6221
6227
6227
6228
6229
6229
6231
6236
6236
6237
6239
6240
6241
6242
6243
6245
6247
6249
6251
6255
6256
6257
6258
6259
6260
6261
6261
6263
6267
6268
6270
6272
6273
6276
6278
6280
6281
6282
6285
6288
6289
6291
6291
6291
6292
6293
6294
6298
6298
6298
6300
6302
6307
6308
6309
6311
6313
6313
6315
6318
6321
6322
6323
6326
6327
6340
6341
6342
6345
6350
6352
6353
6357
6361
6365
6366
6366
6368
6369
6369
6370
6370
6370
6375
6381
6383
6384
6386
6388
6392
6395
6397
6397
6398
6400
6405
6408
6409
6411
6412
6413
6417
6421
6421
6425
6429
6430
6432
6432
6434
6438
6439
6439
6441
6441
6442
6442
6444
6445
6449
6453
6454
6458
6458
6459
6460
6461
6466
6471
6471
6478
6481
6483
6485
6487
6489
6492
6498
6500
6503
6505
6506
6506
6508
6508
6509
6512
6514
6520
6521
6523
6524
6526
6526
6527
6529
6529
6531
6532
6534
6536
6538
6540
6542
6544
6545
6548
6550
6552
6552
6553
6557
6560
6561
6562
6565
6566
6567
6569
6569
6570
6572
6575
6576
6577
6580
6583
6583
6587
6589
6598
6600
6601
6602
6604
6606
6607
6607
6610
6612
6617
6618
6624
6626
6627
6628
6629
6634
6635
6641
6642
6643
6646
6647
6652
6654
6656
6662
6664
6666
6668
6669
6669
6675
6679
6680
6680
6682
6683
6684
6685
6685
6686
6687
6690
6691
6695
6698
6702
6703
6703
6703
6704
6707
6707
6708
6714
6715
6715
6719
6721
6722
6723
6723
6725
6726
6729
6731
6732
6735
6738
6742
6743
6749
6751
6751
6752
6758
6759
6761
6762
6764
6769
6769
6770
6770
6775
6777
6778
6780
6781
6788
6790
6794
6796
6801
6803
6806
6806
6809
6809
6810
6816
6817
6818
6819
6819
6820
6820
6821
6822
6824
6824
6825
6830
6831
6836
6837
6838
6843
6844
6845
6846
6848
6849
6851
6856
6867
6871
6880
6881
6886
6887
6888
6890
6891
6892
6894
6896
6900
6902
6902
6909
6911
6912
6913
6914
6926
6928
6931
6934
6934
6936
6938
6940
6942
6943
6946
6949
6954
6955
6956
6961
6961
6962
6963
6966
6968
6968
6969
6971
6973
6976
6977
6979
6990
6995
6997
6999
7000
7001
7003
7005
7007
7008
7010
7013
7015
7019
7020
7020
7023
7026
7026
7037
7037
7038
7038
7039
7040
7041
7041
7044
7045
7049
7051
7051
7053
7054
7057
7058
7063
7065
7065
7070
7071
7072
7075
7075
7076
7076
7078
7079
7080
7082
7087
7088
7089
7091
7091
7092
7093
7093
7097
7099
7101
7105
7106
7109
7109
7110
7112
7116
7117
7119
7120
7121
7121
7124
7128
7130
7130
7131
7132
7135
7137
7138
7138
7143
7144
7145
7148
7156
7157
7159
7161
7161
7163
7170
7172
7174
7177
7180
7181
7187
7189
7190
7191
7193
7194
7194
7195
7197
7197
7206
7207
7208
7210
7216
7220
7225
7228
7233
7233
7233
7233
7235
7237
7237
7238
7243
7244
7245
7246
7246
7246
7254
7257
7257
7258
7258
7258
7260
7261
7264
7267
7271
7273
7274
7274
7275
7280
7281
7285
7286
7292
7294
7296
7297
7300
7301
7302
7302
7302
7304
7304
7305
7305
7306
7308
7309
7310
7316
7317
7317
7318
7319
7321
7322
7323
7326
7327
7327
7331
7332
7332
7336
7337
7338
7344
7345
7346
7353
7358
7359
7360
7363
7365
7367
7368
7369
7370
7372
7374
7376
7379
7379
7380
7381
7383
7384
7384
7388
7390
7391
7398
7400
7401
7402
7402
7405
7406
7407
7407
7408
7408
7408
7410
7414
7418
7427
7439
7444
7446
7448
7449
7450
7452
7455
7456
7458
7461
7463
7467
7469
7469
7470
7471
7472
7473
7474
7475
7476
7478
7479
7480
7482
7486
7486
7487
7487
7489
7491
7493
7496
7497
7498
7499
7501
7502
7503
7504
7510
7512
7515
7516
7519
7520
7520
7523
7527
7527
7530
7531
7532
7533
7535
7536
7537
7537
7539
7541
7542
7543
7544
7544
7544
7547
7550
7552
7553
7554
7556
7559
7565
7566
7567
7568
7569
7571
7573
7575
7576
7577
7580
7580
7581
7583
7585
7587
7588
7591
7594
7594
7595
7601
7608
7608
7609
7612
7613
7614
7614
7616
7619
7621
7622
7626
7629
7629
7630
7631
7632
7634
7637
7639
7644
7647
7647
7652
7653
7658
7664
7669
7672
7673
7675
7677
7679
7684
7689
7690
7693
7693
7694
7696
7696
7698
7700
7701
7704
7706
7710
7712
7715
7716
7718
7718
7720
7720
7721
7723
7726
7727
7729
7729
7733
7733
7738
7741
7744
7746
7748
7749
7751
7752
7754
7756
7758
7760
7760
7763
7764
7764
7765
7766
7766
7767
7778
7780
7780
7786
7787
7788
7791
7797
7802
7802
7804
7806
7807
7809
7809
7811
7813
7818
7819
7820
7829
7831
7837
7837
7839
7840
7840
7847
7849
7850
7853
7855
7857
7858
7863
7865
7866
7867
7871
7872
7873
7874
7878
7878
7878
7880
7881
7882
7883
7885
7886
7892
7893
7898
7899
7899
7901
7904
7905
7905
7907
7908
7908
7913
7913
7916
7918
7919
7921
7922
7924
7924
7925
7927
7929
7930
7931
7936
7936
7936
7939
7939
7942
7942
7946
7951
7955
7956
7956
7958
7959
7959
7960
7964
7969
7971
7974
7981
7982
7983
7984
7984
7987
7991
7993
7994
7994
7994
7994
7995
7997
7997
7997
7999
8002
8009
8012
8017
8019
8019
8020
8023
8024
8025
8026
8028
8028
8028
8029
8029
8030
8030
8033
8034
8037
8038
8040
8040
8041
8045
8047
8048
8053
8053
8057
8059
8060
8065
8077
8077
8079
8080
8083
8087
8088
8092
8094
8095
8097
8098
8099
8100
8100
8101
8102
8103
8104
8105
8105
8106
8110
8111
8117
8118
8121
8122
8124
8125
8132
8133
8135
8138
8138
8140
8140
8144
8148
8148
8148
8150
8150
8150
8151
8154
8156
8158
8161
8163
8165
8165
8166
8167
8168
8169
8170
8173
8175
8176
8176
8177
8178
8181
8183
8183
8190
8190
8191
8191
8192
8195
8196
8196
8197
8198
8203
8203
8204
8205
8209
8214
8217
8219
8224
8226
8228
8229
8233
8234
8235
8236
8238
8239
8240
8247
8248
8251
8253
8254
8255
8257
8259
8260
8260
8260
8260
8269
8273
8275
8279
8285
8286
8286
8286
8287
8289
8289
8290
8291
8292
8292
8293
8295
8295
8296
8302
8302
8303
8307
8310
8312
8316
8317
8319
8320
8321
8322
8323
8328
8329
8331
8332
8334
8335
8336
8340
8343
8346
8346
8354
8355
8357
8357
8358
8358
8359
8363
8365
8366
8369
8369
8371
8375
8376
8376
8377
8378
8381
8382
8384
8386
8386
8386
8387
8390
8391
8392
8395
8400
8403
8405
8406
8408
8408
8413
8413
8414
8417
8419
8421
8421
8421
8424
8426
8428
8430
8431
8433
8434
8442
8448
8448
8450
8451
8451
8451
8454
8457
8458
8459
8459
8460
8463
8478
8482
8484
8486
8490
8494
8497
8502
8506
8508
8509
8510
8512
8514
8514
8514
8515
8516
8518
8520
8525
8529
8531
8532
8534
8538
8539
8539
8541
8544
8547
8548
8549
8549
8554
8556
8557
8558
8562
8562
8564
8568
8570
8575
8578
8578
8581
8585
8591
8595
8595
8598
8599
8600
8600
8600
8601
8603
8605
8605
8606
8609
8609
8610
8618
8619
8620
8621
8626
8626
8627
8628
8629
8632
8636
8637
8641
8643
8643
8644
8645
8653
8653
8654
8655
8655
8657
8657
8658
8661
8662
8665
8666
8670
8671
8673
8674
8674
8677
8678
8680
8681
8682
8684
8685
8686
8687
8687
8689
8691
8692
8693
8695
8697
8699
8700
8703
8705
8710
8711
8713
8713
8714
8715
8716
8723
8729
8734
8735
8739
8739
8742
8746
8747
8756
8760
8764
8766
8766
8769
8769
8770
8771
8772
8773
8773
8773
8774
8776
8785
8785
8791
8793
8793
8794
8795
8796
8797
8798
8799
8800
8801
8801
8802
8803
8804
8805
8807
8807
8809
8810
8811
8812
8813
8814
8815
8815
8817
8817
8819
8823
8824
8826
8827
8828
8830
8832
8834
8838
8840
8840
8844
8849
8852
8853
8855
8856
8856
8859
8864
8866
8867
8868
8870
8871
8872
8874
8878
8878
8878
8880
8880
8881
8882
8883
8884
8885
8892
8892
8893
8894
8895
8895
8901
8906
8909
8913
8915
8916
8919
8921
8921
8922
8923
8928
8931
8931
8932
8934
8935
8936
8938
8938
8939
8943
8946
8950
8951
8952
8954
8959
8959
8960
8961
8961
8963
8963
8965
8965
8966
8968
8970
8972
8973
8974
8974
8977
8980
8981
8985
8986
8987
8987
8989
8990
8992
8992
8993
8995
8997
8999
9001
9002
9005
9008
9009
9011
9014
9015
9016
9016
9016
9017
9018
9020
9025
9025
9028
9028
9029
9031
9032
9032
9035
9036
9037
9039
9042
9043
9044
9044
9046
9049
9054
9056
9058
9061
9066
9070
9072
9074
9074
9076
9077
9078
9079
9082
9082
9083
9088
9088
9090
9090
9093
9096
9098
9099
9102
9103
9104
9107
9110
9113
9117
9117
9117
9118
9120
9123
9124
9125
9128
9128
9132
9135
9139
9143
9145
9145
9145
9145
9147
9149
9153
9155
9157
9160
9165
9166
9169
9170
9172
9173
9173
9175
9176
9177
9178
9182
9184
9189
9190
9194
9194
9195
9196
9196
9196
9200
9202
9205
9205
9208
9210
9210
9210
9213
9214
9214
9216
9217
9220
9221
9223
9225
9227
9228
9231
9238
9240
9241
9241
9242
9246
9249
9250
9250
9250
9252
9252
9255
9260
9261
9262
9263
9264
9266
9266
9266
9266
9267
9267
9267
9271
9271
9273
9276
9282
9284
9284
9286
9288
9289
9289
9291
9292
9297
9298
9299
9304
9307
9310
9311
9318
9319
9321
9324
9324
9328
9332
9332
9338
9338
9338
9341
9342
9342
9345
9347
9348
9350
9351
9352
9354
9355
9357
9359
9359
9361
9368
9369
9370
9370
9372
9375
9379
9379
9381
9381
9386
9387
9392
9392
9394
9398
9398
9400
9403
9405
9406
9406
9406
9417
9420
9420
9422
9424
9425
9426
9426
9429
9429
9430
9434
9437
9445
9448
9456
9456
9458
9459
9470
9471
9472
9473
9476
9480
9483
9484
9486
9488
9490
9493
9494
9496
9498
9499
9503
9514
9516
9517
9518
9520
9521
9521
9522
9524
9527
9527
9528
9529
9531
9532
9533
9535
9536
9539
9542
9543
9544
9545
9546
9550
9551
9552
9556
9558
9560
9564
9569
9569
9570
9573
9575
9576
9576
9578
9579
9580
9581
9583
9583
9585
9589
9590
9590
9592
9592
9594
9597
9604
9605
9609
9609
9612
9615
9618
9621
9621
9622
9623
9625
9626
9629
9635
9636
9637
9638
9642
9643
9648
9648
9649
9650
9656
9660
9662
9666
9667
9668
9668
9668
9670
9671
9673
9675
9685
9690
9691
9692
9695
9696
9698
9702
9704
9704
9705
9709
9711
9712
9712
9725
9725
9725
9726
9730
9733
9733
9736
9740
9743
9744
9745
9746
9747
9751
9751
9754
9756
9761
9762
9768
9782
9787
9788
9792
9794
9795
9797
9799
9801
9802
9810
9811
9811
9812
9817
9817
9819
9821
9821
9822
9823
9826
9828
9830
9833
9835
9836
9836
9837
9838
9840
9841
9842
9845
9846
9846
9847
9848
9848
9849
9851
9856
9856
9864
9866
9868
9869
9870
9871
9874
9874
9875
9876
9878
9880
9881
9883
9884
9885
9887
9889
9891
9895
9896
9896
9896
9898
9900
9903
9904
9904
9907
9908
9911
9912
9916
9917
9919
9919
9921
9922
9925
9928
9929
9931
9934
9935
9935
9936
9942
9944
9944
9944
9945
9945
9947
9949
9955
9955
9956
9959
9960
9964
9967
9968
9971
9974
9974
9977
9979
9981
9982
9983
9983
9984
9986
9988
9989
9991
9997
9999
10001
10004
10008
10009
10011
10012
10013
10013
10014
10014
10016
10017
10018
10019
10019
10019
10021
10022
10024
10026
10026
10027
10030
10031
10035
10040
10048
10049
10049
10052
10054
10055
10059
10062
10063
10066
10069
10071
10074
10076
10076
10077
10079
10083
10084
10089
10090
10091
10092
10092
10094
10094
10094
10095
10095
10098
10098
10100
10100
10100
10103
10105
10108
10110
10110
10111
10111
10112
10112
10113
10118
10119
10121
10121
10124
10124
10127
10128
10130
10133
10134
10135
10136
10143
10146
10147
10148
10152
10153
10154
10161
10162
10165
10167
10168
10169
10169
10171
10171
10173
10173
10175
10175
10177
10177
10177
10178
10181
10186
10187
10189
10193
10195
10195
10195
10195
10198
10200
10205
10206
10207
10210
10214
10214
10218
10219
10222
10222
10224
10224
10225
10226
10227
10230
10231
10239
10247
10250
10252
10252
10253
10253
10253
10256
10273
10274
10276
10278
10278
10279
10280
10283
10283
10284
10285
10286
10289
10296
10296
10300
10302
10303
10306
10309
10313
10313
10314
10320
10323
10324
10325
10326
10326
10326
10326
10327
10330
10331
10332
10341
10348
10349
10349
10349
10360
10361
10362
10364
10364
10367
10368
10370
10371
10376
10377
10378
10383
10388
10389
10391
10392
10394
10397
10400
10401
10402
10404
10406
10407
10409
10410
10410
10410
10413
10414
10418
10419
10420
10422
10423
10424
10425
10431
10433
10434
10439
10440
10440
10440
10441
10441
10445
10446
10447
10450
10451
10452
10458
10459
10459
10461
10462
10464
10465
10465
10468
10471
10472
10475
10476
10477
10479
10481
10484
10487
10487
10489
10489
10493
10500
10506
10507
10508
10509
10509
10510
10518
10518
10518
10519
10521
10523
10527
10529
10529
10533
10534
10536
10537
10537
10538
10543
10548
10556
10559
10561
10563
10565
10566
10567
10569
10571
10571
10571
10572
10575
10577
10580
10581
10582
10584
10587
10588
10589
10599
10606
10607
10610
10612
10612
10613
10613
10614
10615
10616
10617
10622
10624
10631
10632
10634
10637
10640
10641
10642
10642
10643
10643
10646
10648
10649
10652
10652
10653
10653
10654
10657
10657
10658
10661
10663
10666
10667
10668
10668
10669
10671
10672
10673
10674
10675
10676
10677
10680
10687
10688
10690
10691
10691
10692
10693
10694
10695
10695
10696
10697
10701
10701
10703
10704
10705
10705
10706
10707
10708
10709
10713
10714
10715
10715
10717
10718
10720
10720
10721
10723
10724
10724
10724
10727
10731
10731
10733
10737
10738
10741
10744
10749
10750
10753
10755
10756
10757
10759
10760
10762
10763
10764
10764
10765
10765
10766
10766
10767
10768
10778
10778
10778
10779
10779
10779
10780
10784
10785
10785
10786
10787
10788
10788
10790
10791
10796
10797
10798
10804
10804
10804
10805
10806
10810
10814
10817
10817
10818
10818
10819
10819
10833
10836
10837
10843
10844
10845
10846
10847
10850
10851
10852
10852
10855
10857
10858
10858
10860
10865
10869
10872
10873
10876
10876
10876
10878
10880
10883
10890
10893
10893
10897
10899
10906
10907
10907
10908
10911
10921
10923
10924
10925
10930
10933
10934
10938
10941
10942
10943
10951
10952
10953
10958
10963
10964
10968
10970
10971
10971
10977
10980
10980
10982
10984
10984
10984
10987
10989
10991
10994
10994
10995
10996
10997
10998
11001
11001
11007
11010
11011
11014
11015
11015
11022
11023
11024
11026
11030
11031
11032
11034
11035
11037
11038
11039
11040
11042
11043
11051
11052
11052
11053
11058
11062
11062
11062
11063
11063
11068
11069
11074
11075
11086
11086
11088
11090
11099
11102
11106
11106
11110
11114
11114
11115
11116
11119
11129
11130
11133
11137
11138
11143
11145
11145
11146
11147
11155
11155
11157
11160
11160
11160
11161
11165
11165
11166
11174
11175
11179
11180
11182
11183
11183
11186
11187
11189
11193
11195
11198
11199
11203
11207
11211
11215
11217
11220
11221
11222
11224
11226
11229
11229
11230
11231
11236
11240
11245
11246
11249
11249
11251
11252
11252
11253
11254
11257
11263
11264
11266
11272
11276
11277
11278
11279
11280
11282
11283
11283
11286
11287
11289
11295
11299
11300
11300
11302
11302
11306
11307
11309
11313
11317
11317
11319
11324
11326
11327
11328
11336
11338
11339
11345
11348
11348
11349
11350
11353
11357
11361
11365
11366
11374
11375
11376
11377
11378
11382
11384
11384
11392
11393
11394
11395
11397
11400
11400
11407
11410
11413
11413
11413
11419
11421
11425
11427
11428
11430
11432
11440
11445
11448
11449
11452
11452
11453
11453
11457
11457
11459
11461
11463
11468
11470
11477
11485
11489
11490
11492
11494
11494
11498
11499
11501
11501
11502
11503
11507
11507
11507
11509
11516
11517
11523
11527
11528
11530
11534
11536
11537
11537
11539
11539
11542
11543
11548
11556
11558
11558
11559
11562
11565
11567
11568
11568
11569
11570
11573
11573
11577
11578
11578
11580
11581
11581
11583
11585
11588
11588
11590
11591
11592
11593
11594
11602
11603
11607
11607
11610
11611
11611
11617
11617
11618
11619
11620
11623
11625
11627
11630
11633
11637
11638
11641
11641
11642
11646
11648
11649
11652
11652
11652
11653
11655
11658
11658
11660
11661
11661
11665
11667
11669
11670
11671
11677
11680
11688
11688
11688
11688
11691
11694
11696
11701
11707
11711
11711
11714
11714
11715
11717
11717
11718
11719
11721
11723
11724
11728
11730
11731
11732
11733
11733
11734
11735
11736
11740
11740
11745
11746
11748
11751
11752
11758
11761
11762
11762
11765
11767
11768
11769
11770
11773
11775
11779
11785
11789
11790
11790
11791
11794
11795
11796
11797
11798
11799
11799
11799
11799
11802
11803
11805
11807
11809
11809
11810
11811
11814
11816
11817
11817
11820
11827
11830
11836
11838
11847
11847
11849
11850
11856
11857
11863
11868
11868
11871
11872
11873
11876
11878
11882
11883
11887
11887
11888
11893
11896
11896
11897
11897
11898
11903
11905
11907
11909
11913
11916
11917
11918
11918
11918
11920
11921
11922
11924
11925
11926
11927
11928
11930
11932
11936
11943
11943
11944
11945
11946
11947
11948
11950
11950
11957
11957
11962
11964
11967
11969
11970
11975
11976
11981
11985
11985
11986
11988
11990
11994
11995
11996
12001
12004
12006
12008
12011
12015
12017
12019
12020
12021
12026
12026
12028
12032
12032
12033
12033
12038
12041
12044
12046
12046
12048
12052
12057
12058
12059
12060
12061
12065
12066
12067
12072
12073
12074
12074
12074
12074
12079
12082
12085
12090
12093
12094
12094
12097
12098
12098
12100
12103
12103
12112
12113
12115
12116
12118
12119
12125
12126
12127
12128
12128
12128
12130
12131
12137
12139
12142
12148
12150
12156
12157
12157
12157
12162
12163
12167
12169
12176
12181
12184
12184
12187
12188
12192
12198
12199
12203
12203
12209
12209
12212
12219
12220
12221
12221
12224
12228
12230
12230
12231
12232
12235
12236
12240
12242
12243
12246
12251
12254
12255
12256
12257
12262
12265
12269
12271
12272
12274
12274
12277
12277
12280
12281
12282
12283
12284
12287
12287
12290
12291
12292
12293
12296
12298
12299
12308
12309
12312
12317
12318
12319
12325
12325
12326
12327
12327
12328
12331
12332
12334
12335
12336
12337
12337
12339
12340
12342
12343
12347
12351
12351
12352
12354
12359
12364
12368
12371
12377
12379
12382
12384
12387
12389
12393
12404
12404
12405
12406
12408
12409
12412
12412
12412
12415
12416
12419
12420
12422
12428
12430
12431
12433
12434
12435
12436
12437
12440
12441
12441
12442
12444
12446
12448
12450
12454
12460
12462
12462
12463
12464
12466
12470
12470
12470
12472
12474
12478
12479
12480
12483
12487
12491
12492
12493
12494
12495
12498
12500
12500
12502
12504
12504
12504
12504
12506
12511
12514
12517
12518
12520
12521
12523
12525
12529
12531
12531
12538
12544
12546
12546
12547
12552
12555
12555
12559
12560
12561
12562
12565
12568
12570
12570
12573
12576
12577
12580
12585
12587
12588
12589
12590
12591
12593
12599
12605
12606
12607
12610
12611
12616
12617
12618
12618
12620
12621
12623
12623
12631
12632
12634
12634
12634
12636
12637
12638
12638
12641
12644
12644
12646
12647
12654
12654
12655
12657
12658
12659
12660
12660
12662
12664
12665
12667
12669
12673
12674
12676
12676
12678
12678
12678
12680
12685
12697
12700
12701
12707
12707
12707
12709
12712
12722
12725
12726
12728
12728
12730
12733
12736
12740
12745
12745
12747
12748
12749
12750
12754
12757
12763
12769
12774
12776
12778
12781
12782
12784
12786
12786
12787
12788
12792
12794
12796
12797
12798
12800
12801
12808
12811
12813
12814
12816
12820
12820
12821
12822
12823
12826
12831
12832
12838
12838
12839
12846
12848
12849
12852
12855
12856
12859
12863
12866
12869
12870
12871
12874
12876
12878
12880
12888
12893
12893
12893
12895
12896
12899
12902
12902
12903
12905
12906
12906
12906
12907
12910
12912
12913
12917
12918
12920
12922
12924
12925
12927
12928
12930
12931
12931
12932
12933
12935
12936
12937
12943
12944
12945
12946
12947
12949
12953
12954
12957
12958
12959
12960
12966
12969
12971
12971
12971
12972
12977
12979
12980
12982
12983
12984
12987
12987
12991
12993
12995
12995
12996
12997
12999
13000
13000
13006
13009
13012
13016
13017
13018
13019
13021
13025
13030
13031
13033
13038
13040
13041
13046
13047
13048
13049
13049
13049
13051
13053
13054
13056
13057
13058
13075
13080
13081
13085
13090
13094
13096
13105
13110
13113
13114
13115
13117
13118
13121
13123
13123
13124
13126
13126
13132
13134
13137
13138
13146
13150
13151
13151
13151
13152
13153
13154
13155
13157
13159
13164
13166
13168
13168
13171
13176
13176
13177
13178
13179
13183
13184
13184
13185
13185
13185
13189
13190
13196
13198
13203
13203
13214
13218
13221
13222
13224
13225
13226
13227
13228
13228
13231
13236
13236
13239
13239
13243
13244
13247
13251
13251
13252
13254
13257
13259
13261
13263
13266
13267
13269
13271
13272
13276
13277
13278
13279
13281
13284
13286
13288
13291
13294
13296
13296
13298
13302
13303
13305
13309
13312
13312
13312
13313
13313
13314
13314
13317
13318
13319
13321
13323
13324
13326
13326
13327
13328
13335
13343
13345
13346
13349
13350
13352
13355
13355
13357
13358
13360
13361
13361
13364
13369
13370
13371
13374
13374
13377
13379
13380
13381
13382
13386
13390
13393
13394
13394
13395
13396
13399
13400
13401
13402
13404
13405
13407
13409
13410
13411
13412
13412
13417
13418
13419
13420
13420
13421
13423
13428
13430
13432
13434
13435
13436
13445
13448
13449
13451
13452
13453
13461
13461
13463
13467
13467
13471
13471
13472
13472
13472
13473
13474
13474
13476
13489
13491
13492
13492
13493
13494
13496
13498
13500
13501
13506
13510
13512
13512
13513
13516
13522
13527
13531
13532
13534
13535
13536
13540
13542
13542
13546
13546
13547
13548
13549
13550
13552
13553
13553
13557
13560
13561
13568
13572
13572
13572
13573
13574
13574
13575
13576
13581
13583
13587
13588
13589
13594
13598
13599
13602
13603
13606
13607
13609
13616
13619
13620
13623
13624
13625
13627
13630
13634
13636
13637
13638
13641
13642
13645
13646
13647
13649
13651
13651
13654
13654
13658
13661
13665
13667
13668
13671
13674
13674
13674
13674
13675
13676
13677
13680
13680
13682
13682
13683
13691
13691
13694
13697
13699
13700
13700
13700
13701
13707
13709
13710
13715
13716
13716
13725
13727
13728
13730
13732
13735
13736
13737
13738
13739
13742
13747
13753
13753
13755
13755
13755
13756
13757
13758
13759
13761
13762
13769
13770
13771
13772
13774
13775
13777
13778
13779
13781
13782
13783
13783
13783
13786
13787
13788
13789
13789
13793
13793
13794
13797
13800
13800
13801
13803
13806
13806
13808
13809
13810
13810
13810
13811
13812
13816
13819
13823
13826
13826
13827
13828
13829
13830
13831
13832
13837
13837
13838
13845
13850
13850
13851
13855
13857
13858
13860
13867
13867
13870
13871
13872
13874
13877
13880
13883
13884
13888
13888
13894
13895
13899
13901
13904
13905
13907
13908
13912
13914
13915
13916
13919
13920
13921
13921
13925
13929
13931
13932
13934
13937
13942
13943
13944
13945
13946
13951
13955
13956
13957
13959
13961
13962
13966
13966
13968
13969
13970
13973
13977
13979
13982
13983
13984
13988
13988
13992
13995
13997
13997
13998
14001
14001
14001
14004
14008
14011
14018
14020
14020
14020
14021
14022
14024
14024
14030
14030
14033
14036
14038
14048
14050
14051
14054
14058
14061
14062
14068
14070
14073
14075
14077
14082
14084
14085
14085
14086
14087
14089
14093
14093
14101
14102
14102
14107
14109
14110
14113
14113
14113
14118
14119
14120
14120
14121
14122
14123
14124
14125
14127
14129
14129
14131
14133
14135
14137
14138
14139
14147
14148
14149
14149
14150
14152
14160
14162
14165
14168
14171
14171
14172
14172
14173
14178
14179
14179
14180
14182
14182
14183
14183
14193
14195
14195
14200
14201
14204
14205
14208
14210
14211
14211
14213
14216
14220
14222
14223
14228
14229
14231
14232
14233
14234
14234
14237
14242
14243
14246
14248
14251
14257
14258
14259
14261
14261
14269
14271
14273
14274
14278
14278
14282
14282
14285
14288
14289
14291
14291
14297
14301
14302
14304
14306
14308
14310
14310
14313
14317
14318
14321
14323
14324
14327
14329
14329
14334
14335
14341
14343
14343
14345
14348
14349
14353
14354
14356
14364
14364
14365
14366
14371
14372
14372
14373
14375
14377
14378
14380
14381
14382
14384
14385
14389
14390
14393
14394
14397
14400
14401
14404
14407
14409
14412
14417
14417
14418
14421
14425
14426
14427
14428
14431
14433
14435
14436
14438
14439
14442
14444
14445
14446
14446
14448
14454
14455
14456
14457
14458
14459
14460
14462
14463
14464
14464
14465
14467
14468
14472
14473
14474
14475
14477
14477
14477
14478
14479
14479
14479
14479
14480
14482
14485
14486
14489
14494
14506
14506
14506
14508
14509
14512
14512
14516
14517
14521
14524
14524
14525
14525
14526
14529
14530
14534
14538
14538
14548
14551
14555
14555
14557
14559
14561
14561
14563
14564
14565
14567
14568
14573
14576
14578
14579
14581
14582
14583
14584
14585
14585
14587
14588
14590
14590
14592
14592
14593
14598
14599
14604
14604
14605
14606
14608
14609
14612
14612
14613
14614
14617
14617
14618
14620
14625
14628
14631
14631
14631
14631
14635
14636
14639
14646
14647
14653
14653
14655
14656
14656
14670
14671
14671
14677
14680
14687
14687
14690
14691
14691
14696
14696
14698
14700
14701
14703
14706
14707
14710
14712
14713
14714
14715
14719
14720
14721
14725
14725
14725
14725
14725
14727
14728
14730
14731
14736
14737
14738
14739
14746
14747
14748
14749
14750
14751
14752
14758
14759
14763
14764
14764
14767
14769
14769
14769
14774
14777
14778
14779
14782
14782
14783
14785
14786
14787
14788
14789
14790
14792
14794
14795
14799
14804
14804
14807
14809
14809
14810
14811
14813
14814
14815
14817
14819
14825
14826
14829
14835
14837
14838
14839
14839
14839
14841
14843
14844
14844
14844
14845
14846
14848
14851
14852
14855
14860
14865
14865
14865
14869
14870
14871
14873
14875
14876
14882
14883
14884
14885
14888
14893
14895
14897
14899
14900
14901
14904
14905
14905
14907
14909
14915
14916
14916
14918
14920
14923
14930
14933
14935
14939
14940
14942
14943
14947
14948
14949
14952
14957
14959
14959
14960
14961
14962
14963
14964
14964
14965
14974
14975
14976
14976
14976
14980
14981
14982
14987
14989
14990
14990
14990
14993
14999
15000
15001
15006
15006
15007
15007
15007
15010
15015
15017
15017
15018
15023
15025
15026
15027
15028
15028
15032
15033
15035
15038
15040
15041
15045
15046
15048
15049
15050
15052
15057
15060
15061
15067
15068
15068
15070
15071
15072
15076
15076
15079
15081
15081
15089
15089
15090
15090
15091
15094
15098
15099
15099
15100
15101
15102
15102
15106
15107
15108
15109
15110
15111
15115
15119
15119
15120
15122
15123
15124
15125
15125
15125
15126
15129
15131
15132
15134
15135
15139
15141
15143
15146
15150
15153
15156
15157
15157
15158
15159
15159
15160
15160
15161
15165
15165
15168
15168
15172
15180
15183
15185
15188
15189
15190
15194
15194
15198
15203
15204
15207
15211
15216
15216
15218
15226
15227
15228
15229
15229
15231
15233
15235
15236
15239
15242
15243
15244
15245
15246
15248
15249
15252
15252
15256
15257
15258
15260
15264
15264
15265
15270
15272
15272
15273
15274
15274
15275
15276
15278
15280
15280
15280
15281
15282
15283
15286
15291
15292
15296
15297
15298
15300
15309
15313
15315
15317
15321
15322
15324
15325
15325
15329
15330
15331
15332
15336
15340
15340
15341
15342
15343
15344
15344
15349
15351
15353
15355
15357
15358
15360
15360
15365
15366
15372
15380
15385
15386
15387
15387
15388
15388
15389
15393
15405
15410
15411
15415
15418
15421
15421
15422
15425
15426
15427
15427
15429
15429
15433
15434
15436
15437
15438
15442
15443
15449
15450
15451
15453
15458
15467
15471
15473
15476
15477
15478
15480
15481
15485
15486
15490
15494
15495
15497
15497
15498
15499
15501
15502
15503
15506
15509
15510
15510
15512
15513
15518
15519
15520
15523
15524
15524
15529
15533
15538
15540
15542
15546
15548
15549
15552
15553
15553
15555
15560
15564
15565
15567
15568
15569
15573
15574
15576
15577
15577
15584
15586
15589
15591
15593
15597
15602
15603
15606
15608
15613
15615
15618
15621
15623
15623
15624
15629
15632
15633
15636
15637
15639
15640
15647
15647
15649
15650
15651
15654
15657
15659
15661
15664
15665
15669
15674
15675
15675
15676
15678
15682
15685
15686
15687
15688
15691
15691
15693
15694
15700
15701
15701
15704
15707
15708
15710
15712
15714
15722
15723
15729
15730
15733
15735
15736
15737
15739
15740
15741
15741
15742
15745
15745
15746
15749
15751
15754
15754
15759
15762
15764
15767
15778
15779
15782
15785
15786
15787
15787
15789
15790
15791
15795
15796
15801
15802
15803
15803
15804
15805
15807
15809
15809
15811
15811
15813
15814
15817
15818
15823
15824
15825
15830
15832
15837
15844
15844
15844
15845
15846
15848
15849
15850
15851
15854
15856
15858
15862
15868
15868
15884
15888
15888
15889
15890
15894
15895
15897
15900
15901
15902
15903
15905
15907
15912
15913
15913
15916
15917
15918
15922
15923
15924
15925
15929
15931
15932
15934
15935
15937
15938
15938
15939
15940
15940
15942
15943
15944
15947
15948
15951
15953
15955
15957
15958
15958
15965
15965
15973
15976
15977
15978
15978
15982
15988
15989
15990
15990
15991
15994
15995
15997
15998
16002
16003
16005
16006
16006
16007
16009
16011
16013
16016
16022
16027
16031
16031
16031
16032
16032
16032
16034
16035
16040
16040
16042
16046
16048
16052
16056
16058
16058
16059
16061
16061
16064
16064
16064
16065
16067
16073
16074
16075
16076
16078
16083
16086
16086
16086
16090
16091
16091
16093
16093
16094
16105
16109
16111
16112
16116
16117
16119
16120
16122
16123
16125
16126
16130
16130
16135
16138
16141
16142
16145
16147
16147
16152
16153
16154
16154
16155
16155
16156
16159
16160
16162
16163
16170
16173
16175
16176
16178
16179
16181
16185
16190
16192
16193
16194
16194
16198
16198
16204
16206
16208
16209
16215
16215
16219
16220
16223
16224
16227
16228
16231
16231
16232
16234
16235
16239
16242
16243
16246
16247
16249
16252
16252
16254
16255
16257
16258
16259
16264
16269
16271
16272
16276
16279
16281
16285
16286
16288
16288
16288
16289
16289
16291
16292
16295
16302
16304
16306
16307
16307
16308
16311
16312
16316
16317
16318
16319
16320
16327
16328
16328
16331
16335
16337
16339
16339
16340
16342
16346
16347
16348
16352
16355
16355
16356
16356
16356
16357
16358
16358
16361
16362
16363
16365
16366
16367
16368
16369
16370
16370
16370
16376
16381
16382
16385
16385
16401
16402
16403
16404
16405
16406
16406
16412
16414
16414
16415
16418
16420
16422
16425
16428
16431
16437
16438
16438
16440
16441
16442
16445
16447
16448
16449
16451
16452
16452
16458
16460
16460
16463
16466
16468
16473
16475
16477
16479
16480
16480
16489
16490
16494
16495
16498
16501
16501
16502
16503
16504
16506
16507
16507
16512
16513
16516
16519
16521
16522
16522
16524
16525
16526
16529
16530
16532
16532
16533
16534
16534
16534
16539
16539
16540
16541
16541
16542
16542
16542
16542
16543
16549
16550
16553
16561
16562
16564
16568
16572
16573
16576
16579
16581
16582
16585
16586
16586
16586
16588
16589
16589
16590
16591
16592
16593
16595
16596
16597
16599
16601
16603
16605
16608
16609
16610
16610
16611
16612
16613
16614
16614
16615
16615
16615
16618
16620
16623
16626
16627
16628
16628
16629
16630
16631
16634
16635
16636
16636
16637
16638
16639
16647
16649
16650
16651
16651
16653
16654
16655
16656
16660
16660
16660
16667
16669
16671
16672
16673
16674
16675
16676
16680
16680
16681
16681
16682
16684
16687
16687
16688
16692
16694
16699
16710
16712
16715
16716
16720
16720
16721
16722
16724
16727
16731
16732
16734
16735
16736
16739
16745
16747
16748
16748
16750
16756
16757
16758
16760
16764
16766
16766
16768
16769
16770
16771
16772
16773
16774
16776
16778
16779
16782
16785
16785
16787
16788
16790
16795
16795
16798
16800
16801
16803
16804
16806
16810
16811
16816
16817
16817
16822
16823
16823
16825
16833
16834
16835
16836
16836
16837
16838
16844
16846
16846
16846
16848
16851
16851
16852
16853
16854
16856
16859
16863
16868
16869
16870
16874
16874
16874
16877
16881
16885
16886
16889
16890
16894
16894
16897
16898
16899
16903
16906
16909
16911
16914
16915
16918
16922
16924
16927
16927
16928
16930
16940
16940
16941
16942
16945
16946
16947
16948
16948
16948
16949
16950
16950
16951
16952
16954
16956
16960
16962
16963
16967
16968
16968
16970
16971
16972
16973
16979
16981
16981
16982
16983
16990
16991
16993
16993
17001
17003
17004
17005
17006
17010
17010
17011
17011
17012
17015
17016
17016
17018
17025
17025
17026
17028
17032
17033
17034
17037
17039
17040
17041
17045
17046
17047
17048
17050
17051
17052
17055
17058
17059
17059
17060
17062
17063
17063
17064
17065
17066
17068
17071
17073
17074
17075
17076
17077
17077
17079
17081
17086
17087
17090
17095
17098
17101
17101
17104
17105
17107
17108
17110
17110
17110
17111
17111
17112
17112
17112
17116
17117
17119
17120
17121
17122
17122
17124
17125
17127
17130
17132
17133
17135
17136
17138
17141
17144
17144
17147
17147
17152
17152
17155
17160
17160
17163
17164
17168
17168
17170
17171
17175
17178
17178
17182
17188
17188
17189
17194
17195
17195
17196
17197
17198
17199
17200
17201
17202
17203
17204
17205
17216
17218
17218
17219
17219
17223
17224
17225
17226
17228
17229
17230
17230
17236
17239
17242
17243
17244
17247
17248
17251
17251
17257
17257
17260
17261
17262
17264
17267
17267
17267
17269
17270
17273
17275
17277
17278
17281
17283
17284
17290
17292
17293
17295
17299
17301
17302
17306
17308
17310
17314
17318
17321
17327
17328
17331
17334
17337
17338
17338
17340
17341
17344
17345
17345
17347
17351
17353
17355
17356
17356
17356
17361
17361
17362
17363
17365
17376
17380
17382
17387
17388
17390
17395
17399
17401
17405
17408
17408
17409
17411
17413
17414
17430
17432
17434
17438
17441
17441
17442
17444
17445
17445
17446
17452
17454
17456
17459
17460
17462
17464
17464
17465
17472
17473
17475
17477
17477
17477
17478
17479
17481
17483
17483
17483
17484
17485
17487
17487
17494
17496
17497
17498
17500
17501
17502
17503
17504
17507
17510
17512
17520
17521
17522
17522
17522
17524
17524
17526
17529
17529
17531
17532
17536
17537
17537
17539
17542
17544
17546
17548
17550
17553
17557
17557
17559
17565
17569
17569
17570
17572
17572
17574
17574
17575
17576
17577
17579
17581
17583
17583
17586
17586
17586
17586
17587
17592
17594
17597
17599
17602
17603
17604
17604
17605
17608
17610
17610
17611
17616
17618
17619
17620
17622
17623
17629
17629
17631
17634
17635
17637
17641
17644
17645
17645
17648
17651
17655
17655
17676
17685
17686
17688
17693
17696
17700
17703
17703
17705
17707
17708
17709
17710
17710
17710
17712
17712
17713
17715
17719
17720
17721
17728
17731
17735
17736
17737
17741
17742
17743
17744
17746
17751
17752
17753
17760
17761
17764
17767
17767
17772
17773
17774
17775
17775
17777
17782
17783
17786
17786
17787
17788
17790
17790
17791
17793
17795
17798
17798
17798
17800
17802
17803
17804
17805
17807
17808
17812
17813
17816
17817
17819
17823
17827
17829
17833
17834
17839
17844
17844
17847
17848
17848
17848
17849
17851
17852
17853
17853
17854
17857
17859
17860
17860
17861
17868
17871
17873
17873
17877
17877
17878
17881
17882
17885
17887
17890
17891
17891
17896
17897
17897
17897
17898
17900
17900
17903
17905
17906
17907
17907
17908
17910
17911
17913
17918
17919
17920
17920
17921
17926
17926
17927
17929
17931
17932
17936
17936
17942
17945
17947
17948
17949
17951
17955
17956
17957
17958
17962
17963
17968
17974
17980
17981
17983
17987
17987
17997
17999
18000
18003
18004
18004
18012
18019
18021
18026
18027
18027
18035
18035
18038
18040
18041
18043
18043
18044
18045
18045
18048
18050
18050
18050
18053
18055
18058
18060
18065
18066
18067
18069
18072
18073
18074
18081
18082
18083
18085
18086
18086
18088
18091
18093
18093
18093
18096
18097
18099
18101
18102
18103
18109
18109
18110
18111
18112
18114
18115
18118
18119
18120
18121
18122
18124
18124
18126
18126
18127
18127
18128
18128
18129
18130
18131
18132
18138
18139
18142
18143
18144
18146
18146
18148
18148
18154
18156
18157
18159
18160
18161
18164
18169
18173
18174
18174
18176
18178
18179
18180
18181
18182
18183
18185
18185
18186
18192
18194
18195
18196
18197
18197
18199
18199
18200
18204
18206
18208
18211
18213
18214
18214
18218
18221
18223
18226
18226
18230
18231
18235
18237
18239
18243
18248
18251
18258
18260
18261
18264
18267
18268
18273
18276
18277
18277
18278
18282
18287
18287
18287
18288
18291
18292
18294
18297
18299
18305
18307
18308
18311
18315
18319
18320
18327
18328
18329
18331
18338
18340
18340
18340
18342
18342
18344
18345
18348
18349
18349
18350
18352
18353
18354
18355
18355
18359
18360
18364
18365
18365
18367
18374
18375
18380
18380
18380
18381
18381
18382
18382
18384
18385
18385
18386
18387
18388
18390
18393
18393
18394
18397
18398
18401
18407
18410
18414
18415
18418
18419
18420
18423
18428
18428
18428
18430
18431
18436
18436
18437
18439
18439
18444
18445
18447
18448
18452
18457
18458
18458
18460
18461
18462
18462
18462
18463
18471
18473
18476
18477
18481
18482
18483
18486
18487
18491
18492
18496
18496
18497
18497
18498
18504
18507
18508
18508
18510
18512
18514
18515
18518
18518
18520
18521
18524
18528
18530
18532
18538
18541
18542
18544
18547
18547
18548
18548
18552
18555
18564
18570
18570
18570
18572
18573
18577
18582
18585
18587
18587
18590
18598
18598
18599
18601
18603
18603
18606
18609
18610
18610
18612
18614
18616
18617
18619
18620
18621
18621
18622
18623
18628
18629
18629
18631
18635
18639
18641
18642
18643
18646
18646
18647
18653
18655
18655
18656
18658
18659
18660
18664
18666
18669
18676
18679
18680
18681
18682
18684
18685
18686
18686
18690
18691
18698
18698
18701
18701
18702
18704
18707
18708
18711
18712
18715
18716
18717
18718
18720
18723
18723
18728
18729
18732
18733
18733
18737
18737
18740
18741
18741
18744
18745
18745
18748
18749
18750
18750
18752
18752
18752
18754
18755
18756
18757
18761
18762
18763
18776
18777
18780
18781
18781
18781
18783
18783
18785
18785
18785
18785
18788
18791
18792
18792
18796
18798
18800
18801
18802
18806
18807
18809
18812
18813
18815
18817
18819
18822
18822
18823
18824
18825
18828
18831
18835
18836
18836
18837
18838
18839
18840
18840
18841
18842
18845
18846
18851
18851
18854
18855
18858
18858
18858
18859
18860
18861
18862
18862
18865
18867
18869
18870
18872
18872
18873
18873
18873
18874
18875
18876
18879
18885
18888
18891
18892
18896
18897
18898
18898
18899
18905
18905
18910
18911
18911
18914
18914
18914
18918
18919
18925
18925
18926
18927
18928
18931
18932
18934
18935
18946
18947
18948
18949
18951
18953
18956
18958
18962
18962
18964
18964
18968
18969
18970
18970
18970
18973
18974
18975
18977
18977
18979
18981
18984
18985
18986
18988
18988
18988
18990
18991
18994
18994
18995
18997
18998
18999
19001
19003
19009
19010
19017
19021
19023
19023
19024
19026
19029
19034
19034
19037
19043
19044
19045
19047
19048
19050
19052
19054
19054
19057
19058
19060
19062
19072
19075
19075
19079
19080
19082
19082
19084
19088
19091
19091
19099
19100
19100
19102
19106
19107
19111
19112
19117
19117
19118
19122
19123
19124
19126
19127
19127
19129
19135
19139
19141
19149
19149
19151
19153
19153
19154
19160
19164
19165
19166
19167
19169
19170
19173
19175
19178
19178
19179
19184
19186
19187
19189
19190
19192
19202
19203
19205
19206
19206
19207
19208
19222
19223
19223
19225
19229
19230
19231
19232
19236
19237
19238
19240
19241
19248
19249
19250
19252
19253
19254
19255
19258
19262
19264
19273
19273
19275
19278
19288
19290
19300
19302
19304
19305
19312
19315
19315
19316
19319
19320
19320
19320
19320
19325
19326
19326
19329
19329
19330
19332
19337
19338
19338
19339
19340
19341
19344
19346
19350
19352
19352
19356
19357
19358
19363
19364
19364
19371
19373
19376
19376
19377
19378
19378
19384
19385
19386
19387
19387
19388
19389
19395
19398
19398
19399
19400
19404
19407
19408
19412
19413
19418
19419
19424
19424
19428
19429
19432
19436
19437
19442
19442
19443
19446
19448
19449
19449
19450
19450
19455
19457
19458
19459
19464
19464
19467
19469
19471
19473
19474
19476
19480
19483
19483
19486
19488
19488
19489
19490
19491
19493
19494
19494
19494
19496
19496
19501
19503
19504
19508
19512
19518
19520
19527
19528
19529
19531
19533
19534
19537
19544
19553
19553
19558
19558
19559
19560
19562
19567
19568
19572
19573
19573
19574
19574
19576
19581
19585
19586
19587
19587
19588
19593
19596
19600
19606
19607
19609
19609
19611
19613
19615
19617
19618
19619
19629
19629
19629
19630
19630
19631
19633
19634
19640
19642
19645
19648
19648
19651
19655
19656
19660
19661
19663
19667
19673
19674
19675
19676
19680
19688
19689
19693
19694
19695
19698
19700
19700
19701
19702
19704
19705
19706
19709
19713
19716
19718
19720
19724
19727
19729
19729
19730
19731
19732
19737
19739
19739
19742
19742
19744
19746
19748
19751
19754
19755
19757
19757
19758
19758
19760
19760
19762
19767
19768
19770
19770
19773
19778
19778
19781
19782
19784
19785
19788
19789
19791
19795
19805
19805
19806
19807
19808
19811
19814
19815
19815
19819
19819
19819
19819
19820
19821
19821
19822
19824
19826
19827
19832
19832
19833
19836
19837
19837
19841
19842
19846
19847
19848
19849
19850
19851
19854
19858
19859
19864
19864
19864
19866
19868
19869
19871
19872
19874
19875
19877
19878
19879
19881
19883
19893
19894
19899
19901
19907
19908
19910
19911
19912
19914
19917
19917
19918
19920
19920
19920
19921
19922
19926
19927
19932
19936
19936
19938
19938
19939
19940
19941
19945
19945
19946
19947
19951
19952
19953
19958
19960
19964
19966
19972
19973
19977
19978
19978
19979
19981
19982
19983
19985
19985
19992
19994
19995
19997
19997
19998
20000
